     16.1433201      5.4112639     16.8143959      5.8073249     13.0747850      6.5927351      0.0000000      6.5847194      6.4752596
     16.1361179      5.5608692     16.8116570      5.9716644     12.8894692      6.7492579      0.5000000      5.3779490      6.3012971
     16.1289158      5.7104740     16.6758842      6.1359134     12.7041535      6.9057808      1.0000000      5.5592767      6.0637889
     16.1217136      5.8600793     16.4579601      6.3742571     12.5188377      7.0623036      1.5000000      7.0043575      5.6237522
     16.1145115      6.0096841     16.2319088      6.6730499     12.3335219      7.2188264      2.0000000      9.0147105      4.9587661
     16.1073093      6.1592894     16.0640602      6.9147477     12.1482061      7.3753493      2.5000000     10.7474098      4.4657429
     16.1001072      6.3088946     15.9867496      6.9979582     11.9628903      7.5318721      3.0000000     11.7163745      4.6476777
     16.0929070      6.4584994     15.9855928      6.9473972     11.7775746      7.6883950      3.5000000     11.9578578      5.5201402
     16.0857048      6.6081047     16.0177917      6.8763595     11.5922588      7.8449178      4.0000000     11.7945775      6.6066438
     16.0785027      6.7577100     16.0469074      6.8715777     11.4069430      8.0014406      4.5000000     11.5190770      7.4613193
     16.0713005      6.9073148     16.0601749      6.9447660     11.2216272      8.1579635      5.0000000     11.2643270      7.9770794
     16.0640984      7.0569201     16.0610981      7.0664787     11.0363114      8.3144863      5.5000000     11.0482982      8.2677830
     16.0568962      7.2065248     16.0562725      7.2084203     10.8509957      8.4710091      6.0000000     10.8535354      8.4616838
     16.0496941      7.3561301     16.0495930      7.3564224     10.6656799      8.6275320      6.5000000     10.6660897      8.6260889
