     -1.2543000      1.2535000      1.2059000    122.0000000
     -1.2007000      1.2250000      1.5290000    135.0000000
     -1.1383000      1.1895000      1.9144000    149.0000000
      3.1931000      0.4150000      1.0279000    377.0000000
      3.2830000      0.5465000      1.2880000    390.0000000
      3.3885000      0.7005000      1.5964000    404.0000000
      3.5190000      0.8900000      1.9624000    417.0000000
      7.3845000      3.2490000      1.0995000    658.0000000
      7.6064000      3.4945000      1.3313000    672.0000000
      7.6866000      3.5490000      1.6544000    685.0000000
     11.7629000      3.2055000      1.0166000    916.0000000
     12.0615000      3.1025000      1.2906000    929.0000000
     12.3145000      3.2215000      1.6038000    943.0000000
     12.6307000      3.3715000      1.9803000    956.0000000
     15.9689000      5.6690000      1.1528000   1188.0000000
     15.9526000      5.8900000      1.4156000   1201.0000000
     15.9325000      6.1665000      1.7064000   1214.0000000
     18.6869000      7.1755000      1.0427000   1430.0000000
     18.9751000      7.5275000      1.3182000   1445.0000000
     18.9156000      7.6735000      1.6247000   1458.0000000
     20.5869000      8.3865000      1.1828000   1687.0000000
     20.8688000      8.3430000      1.5207000   1701.0000000
     20.9329000      8.4900000      1.9090000   1714.0000000
     23.7588000      9.8275000      1.1968000   1929.0000000
     23.8061000     10.0585000      1.5055000   1942.0000000
     23.8636000     10.3440000      1.8884000   1956.0000000
     26.3659000     11.4105000      1.1270000   2171.0000000
     26.3368000     11.7675000      1.4278000   2184.0000000
     26.3024000     12.1915000      1.7870000   2198.0000000
     28.5197000     12.2360000      1.0143000   2411.0000000
     28.4617000     12.6790000      1.2881000   2425.0000000
     28.3911000     13.2215000      1.6247000   2439.0000000
