     -1.9284848      0.1982200     -0.1191554      0.0211624     15.6106202      1.6819378      0.0000000     15.5526136      0.9202201
     -2.2968268      0.2485947     -0.5918311      0.1115005     16.3691740      1.6829236      0.5000000     15.2612188      2.1045083
     -2.6651688      0.2989694     -1.4325470      0.2408824     17.1277278      1.6839093      1.0000000     14.9494102      3.4828911
     -3.0335107      0.3493441     -2.3559806      0.3583777     17.8862816      1.6848950      1.5000000     15.3558078      4.1127180
     -3.4018528      0.3997188     -3.1237664      0.4346848     18.6448353      1.6858807      2.0000000     16.5810040      3.7616334
     -3.7701948      0.4500935     -3.6888983      0.4798533     19.4033891      1.6868665      2.5000000     18.1241434      2.9772769
     -4.1385369      0.5004682     -4.1243324      0.5169417     20.1619429      1.6878522      3.0000000     19.5288933      2.3270801
     -4.5068789      0.5508429     -4.5069957      0.5580628     20.9204967      1.6888379      3.5000000     20.6728225      1.9686024
     -4.8752208      0.6012176     -4.8759327      0.6040730     21.6790504      1.6898236      4.0000000     21.6196060      1.8084133
     -5.2435627      0.6515923     -5.2432346      0.6526560     22.4376042      1.6908094      4.5000000     22.4603116      1.7381973
     -5.6119046      0.7019669     -5.6108956      0.7022558     23.1961580      1.6917951      5.0000000     23.2578497      1.7039644
     -5.9802470      0.7523417     -5.9789095      0.7522852     23.9547118      1.6927808      5.5000000     24.0353612      1.6877803
     -6.3485889      0.8027164     -6.3472672      0.8025523     24.7132655      1.6937665      6.0000000     24.7929189      1.6834785
     -6.7169309      0.8530911     -6.7159176      0.8529460     25.4718193      1.6947523      6.5000000     25.5328742      1.6859582
