      0.0000000      0.0000000      0.1728000      0.0000000
     -0.0508000      0.1960000      0.2850000     32.0000000
     -0.2771000      0.3920000      0.4136000     64.0000000
     -0.5609000      0.6385000      0.5604000     80.0000000
     -0.9010000      0.9335000      0.7350000     94.0000000
     -1.2979000      1.2780000      0.9505000    108.0000000
      1.5869000      0.2940000      0.1584000    255.0000000
      1.5473000      0.2985000      0.2641000    287.0000000
      1.8329000      0.3000000      0.3783000    319.0000000
      2.1905000      0.3025000      0.5040000    335.0000000
      2.6193000      0.3055000      0.6474000    349.0000000
      3.1201000      0.3090000      0.8165000    363.0000000
      6.5253000      1.6540000      0.1165000    510.0000000
      6.4527000      1.8230000      0.1929000    542.0000000
      6.5387000      1.9900000      0.2757000    574.0000000
      6.6463000      2.1985000      0.3655000    589.0000000
      6.7755000      2.4495000      0.4659000    603.0000000
      6.9258000      2.7415000      0.5813000    617.0000000
      7.0513000      2.8805000      0.7258000    632.0000000
      7.2037000      3.0500000      0.9035000    645.0000000
      9.5236000      2.6040000      0.0973000    767.0000000
      9.4528000      2.7305000      0.1611000    799.0000000
      9.7609000      2.8550000      0.2317000    831.0000000
     10.1457000      3.0120000      0.3049000    846.0000000
     10.6073000      3.1995000      0.3907000    860.0000000
     11.1461000      3.4180000      0.4879000    875.0000000
     11.3146000      3.3605000      0.6248000    889.0000000
     11.5199000      3.2885000      0.7996000    902.0000000
     14.2804000      2.9995000      0.0973000   1024.0000000
     14.2167000      3.2645000      0.1601000   1056.0000000
     14.3732000      3.5290000      0.2257000   1088.0000000
     14.5690000      3.8610000      0.2981000   1104.0000000
     14.8032000      4.2590000      0.3785000   1118.0000000
     15.0771000      4.7225000      0.4714000   1132.0000000
     15.2408000      4.8965000      0.5942000   1146.0000000
     15.4415000      5.1080000      0.7464000   1159.0000000
     15.6779000      5.3595000      0.9292000   1173.0000000
     17.0174000      6.0005000      0.0874000   1282.0000000
     16.9518000      6.0710000      0.1424000   1314.0000000
     17.1594000      6.1400000      0.2099000   1346.0000000
     17.4182000      6.2270000      0.2937000   1361.0000000
     17.7294000      6.3305000      0.3864000   1375.0000000
     18.0923000      6.4510000      0.5101000   1389.0000000
     18.2546000      6.6490000      0.6573000   1403.0000000
     18.4526000      6.8910000      0.8256000   1417.0000000
     19.5737000      7.6760000      0.0977000   1539.0000000
     19.5437000      7.8000000      0.1640000   1571.0000000
     19.6279000      7.9220000      0.2369000   1603.0000000
     19.7329000      8.0760000      0.3223000   1618.0000000
     19.8589000      8.2595000      0.4242000   1632.0000000
     20.0063000      8.4745000      0.5502000   1646.0000000
     20.1647000      8.4500000      0.7111000   1660.0000000
     20.3587000      8.4205000      0.9198000   1674.0000000
     22.3919000      8.9010000      0.1215000   1794.0000000
     22.3383000      8.9890000      0.2019000   1826.0000000
     22.5835000      9.0760000      0.2992000   1858.0000000
     22.8898000      9.1855000      0.4149000   1873.0000000
     23.2572000      9.3180000      0.5583000   1887.0000000
     23.6864000      9.4715000      0.7445000   1901.0000000
     23.7189000      9.6305000      0.9482000   1915.0000000
     25.2976000     10.0080000      0.1506000   2049.0000000
     25.2871000     10.1785000      0.2504000   2081.0000000
     25.4874000     10.3495000      0.3681000   2113.0000000
     25.7380000     10.5620000      0.5063000   2129.0000000
     26.0390000     10.8180000      0.6752000   2143.0000000
     26.3897000     11.1160000      0.8892000   2157.0000000
     27.6749000     11.7190000      0.1761000   2304.0000000
     27.6334000     11.7990000      0.2946000   2336.0000000
     27.7946000     11.8775000      0.4268000   2368.0000000
     27.9960000     11.9775000      0.5842000   2383.0000000
     28.2377000     12.0965000      0.7750000   2397.0000000
