     10.4744024      2.9860711     10.0788288      2.9318397     13.9200634      4.9558027      0.0000000     22.6207422      8.8793001
     10.4789619      3.0808241     10.1296778      3.0539782     14.0493708      5.0604798      0.5000000     22.5890780      7.8091273
     10.4835215      3.1755772     10.2287378      3.1529939     14.1786782      5.1651569      1.0000000     20.7880256      5.1090759
     10.4880810      3.2703304     10.3244848      3.2375484     14.3079856      5.2698341      1.5000000     19.0494444      2.2752043
     10.4926414      3.3650835     10.3869648      3.3416266     14.4372930      5.3745112      2.0000000     18.5988847      0.5537638
     10.4972010      3.4598365     10.4157410      3.4750676     14.5666005      5.4791883      2.5000000     19.1534246     -0.0286047
     10.5017605      3.5545895     10.4298162      3.6119843     14.6959079      5.5838655      3.0000000     19.6916849      0.1123826
     10.5063200      3.6493428     10.4473104      3.7241788     14.8252153      5.6885426      3.5000000     19.4537051      0.9118673
     10.5108795      3.7440958     10.4712391      3.8077922     14.9545227      5.7932197      4.0000000     18.4093842      2.3127361
     10.5154400      3.8388488     10.4943781      3.8784826     15.0838301      5.8978969      4.5000000     17.1160181      3.8688880
     10.5199995      3.9336021     10.5111675      3.9523141     15.2131375      6.0025740      5.0000000     16.1453335      5.0753532
     10.5245590      4.0283551     10.5216227      4.0351534     15.3424449      6.1072511      5.5000000     15.6744122      5.7775503
     10.5291185      4.1231084     10.5283432      4.1250191     15.4717523      6.2119283      6.0000000     15.5634012      6.1208789
     10.5336781      4.2178612     10.5335159      4.2182779     15.6010597      6.3166054      6.5000000     15.6206774      6.2970768
