     28.8710957     12.6522970     28.9167252     12.6140480      7.1266660      4.8983216      0.0000000      5.6537497      6.2828632
     28.9394531     12.9040871     28.9796829     12.8834152      7.4324917      4.9038734      0.5000000      5.5104932      6.5239879
     29.0078106     13.1558762     28.9859543     13.2303600      7.7383174      4.9094253      1.0000000      6.5073481      5.4271326
     29.0761662     13.4076662     28.9337692     13.6690645      8.0441431      4.9149771      1.5000000      8.8656236      2.5389733
     29.1445236     13.6594553     28.8735256     14.1301727      8.3499688      4.9205290      2.0000000     11.6351890     -1.0878808
     29.2128811     13.9112453     28.8726387     14.4936314      8.6557945      4.9260808      2.5000000     13.4041739     -3.3323710
     29.2812366     14.1630344     28.9546032     14.7026272      8.9616202      4.9316326      3.0000000     13.5816588     -2.9568425
     29.3495941     14.4148245     29.0869255     14.8150492      9.2674459      4.9371845      3.5000000     12.7390178     -0.7461975
     29.4179516     14.6666136     29.2288704     14.9185677      9.5732717      4.9427363      4.0000000     11.7847876      1.6197987
     29.4863071     14.9184036     29.3697033     15.0362883      9.8790974      4.9482882      4.5000000     11.1651369      3.2322254
     29.5546646     15.1701927     29.5179443     15.1364670     10.1849231      4.9538400      5.0000000     10.8679028      4.1528464
     29.6230221     15.4219828     29.6781864     15.1882963     10.4907488      4.9593919      5.5000000     10.7946491      4.6588311
     29.6913776     15.6737719     29.8451271     15.1930733     10.7965745      4.9649437      6.0000000     10.9043535      4.8729841
     29.7597351     15.9255610     30.0006905     15.2054539     11.1024002      4.9704956      6.5000000     11.1515159      4.8826307
