     -1.0606000      1.1475000      2.3861000    162.0000000
     -0.8812000      1.1370000      2.9831000    175.0000000
      3.6726000      0.9790000      2.4404000    430.0000000
      3.8646000      1.0910000      2.9969000    444.0000000
      7.7863000      3.6165000      2.0452000    698.0000000
      7.9102000      3.7005000      2.5432000    713.0000000
     13.0229000      3.5555000      2.4707000    970.0000000
     15.9072000      6.5100000      2.0774000   1229.0000000
     15.8754000      6.9425000      2.5095000   1242.0000000
     18.8415000      7.8565000      2.0034000   1472.0000000
     18.7493000      8.0840000      2.4635000   1485.0000000
     21.0138000      8.6720000      2.3911000   1727.0000000
     24.0038000     10.7000000      2.3814000   1969.0000000
     26.2594000     12.7130000      2.2314000   2211.0000000
     26.4054000     13.0160000      2.8282000   2225.0000000
     28.3078000     13.8620000      2.0418000   2452.0000000
     28.2052000     14.6505000      2.5534000   2466.0000000
