      4.4504671      1.2483897      4.7607627      0.9965838     14.7653418      3.3188703      0.0000000     25.8470216     10.2147122
      4.3346472      1.3100660      4.5367060      0.9005655     15.2092724      3.3717017      0.5000000     24.5491246     11.7134784
      4.2188268      1.3717424      4.1729436      0.8442790     15.6532030      3.4245331      1.0000000     21.8472027     11.3875409
      4.1030064      1.4334186      3.8043904      0.8570740     16.0971336      3.4773645      1.5000000     19.7119409      9.2091749
      3.9871862      1.4950949      3.5738618      0.9181819     16.5410642      3.5301960      2.0000000     18.6041617      6.1183063
      3.8713658      1.5567712      3.4912698      0.9954404     16.9849948      3.5830274      2.5000000     17.8484058      3.2259548
      3.7555456      1.6184475      3.4667947      1.0771108     17.4289254      3.6358588      3.0000000     17.2083888      1.0615411
      3.6397252      1.6801238      3.4431996      1.1637995     17.8728560      3.6886903      3.5000000     17.1773415     -0.4107693
      3.5239050      1.7418001      3.4236889      1.2603298     18.3167866      3.7415217      4.0000000     18.0384178     -1.2560783
      3.4080846      1.8034763      3.4037459      1.3808056     18.7607171      3.7943531      4.5000000     19.3149474     -1.2976309
      3.2922645      1.8651527      3.3507347      1.5360792     19.2046477      3.8471845      5.0000000     20.2648400     -0.4324552
      3.1764441      1.9268290      3.2472258      1.7116078     19.6485783      3.9000160      5.5000000     20.6205541      1.0020957
      3.0606239      1.9885052      3.1111071      1.8743417     20.0925089      3.9528474      6.0000000     20.6630376      2.3985265
      2.9448035      2.0501816      2.9703519      2.0019822     20.5364395      4.0056788      6.5000000     20.7557499      3.3526954
