     0.000     0.000    -0.856     0.777     0.856    -0.777     0.309     0.000     0.000     0.000   -42.216
    -0.043     0.281     0.612     1.070    -0.655    -0.790     0.512    40.000     0.000     0.000  -129.672
     1.070     0.740     2.011     1.361    -0.941    -0.622     0.702    80.000     0.000     0.000  -146.529
     2.462     1.312     2.780     1.556    -0.318    -0.244     0.917   101.000     0.000     0.000  -142.513
     4.132     2.002     3.365     1.718     0.767     0.284     1.114   117.000     0.000     0.000    20.306
     4.132     2.002     3.925     1.911     0.207     0.090     1.432   131.000     0.000     0.000    23.540
     4.132     2.002     4.492     2.131    -0.360    -0.130     1.821   145.000     0.000     0.000  -160.193
     5.548     3.361     5.039     2.357     0.509     1.004     2.227   159.000     0.000     0.000    63.112
     5.203     3.724     5.635     2.664    -0.432     1.061     2.855   173.000     0.000     0.000   112.166
     4.777     4.170     6.238     3.022    -1.461     1.148     3.628   187.000     0.000     0.000   141.834
     5.724     3.870     6.765     3.365    -1.041     0.505     4.375   200.000     0.000     0.000   154.144
     6.909     3.494     7.289     3.734    -0.380    -0.240     5.178   214.000     0.000     0.000  -147.779
     8.377     3.029     7.772     4.131     0.605    -1.102     6.079   227.000     0.000     0.000   -61.249
    10.225     2.443     8.232     4.536     1.993    -2.093     6.989   241.000     0.000     0.000   -46.403
     9.460     0.562     7.959     2.302     1.500    -1.740     0.203   277.000     0.000     0.000   -49.221
     9.353     1.256     9.175     2.585     0.178    -1.329     0.345   317.000     0.000     0.000   -82.367
    10.006     2.070    10.324     2.865    -0.318    -0.795     0.492   356.000     0.000     0.000  -111.787
    10.822     3.086    10.956     3.050    -0.134     0.035     0.651   378.000     0.000     0.000   165.191
    11.802     4.303    11.376     3.205     0.426     1.098     0.844   393.000     0.000     0.000    68.806
    12.944     5.726    11.784     3.378     1.160     2.348     1.087   408.000     0.000     0.000    63.704
    12.944     5.726    12.151     3.562     0.793     2.164     1.383   422.000     0.000     0.000    69.859
    12.944     5.726    12.501     3.770     0.444     1.956     1.750   436.000     0.000     0.000    77.221
    12.944     5.726    12.831     4.005     0.114     1.721     2.200   450.000     0.000     0.000    86.221
    12.944     5.726    13.113     4.260    -0.168     1.466     2.731   463.000     0.000     0.000    96.551
    12.944     5.726    13.386     4.576    -0.441     1.149     3.431   477.000     0.000     0.000   111.009
    12.944     5.726    13.597     4.936    -0.653     0.790     4.285   490.000     0.000     0.000   129.564
    12.944     5.726    13.777     5.384    -0.832     0.341     5.399   504.000     0.000     0.000   157.707
    12.944     5.726    13.885     5.934    -0.941    -0.209     6.835   518.000     0.000     0.000  -167.494
    15.633     3.564    15.897     3.938    -0.263    -0.374     0.165   554.000     0.000     0.000  -125.120
    15.628     3.600    16.915     4.212    -1.287    -0.612     0.272   593.000     0.000     0.000  -154.584
    16.399     3.757    17.938     4.492    -1.538    -0.735     0.380   633.000     0.000     0.000  -154.466
    17.364     3.953    18.479     4.662    -1.115    -0.709     0.494   655.000     0.000     0.000  -147.544
    18.522     4.188    18.836     4.792    -0.314    -0.604     0.618   670.000     0.000     0.000  -117.442
    19.872     4.463    19.160     4.921     0.712    -0.457     0.760   684.000     0.000     0.000   -32.710
    20.050     4.780    19.492     5.077     0.558    -0.296     0.977   699.000     0.000     0.000   -27.960
    20.268     5.169    19.783     5.245     0.485    -0.076     1.260   713.000     0.000     0.000    -8.858
    20.525     5.627    20.081     5.440     0.444     0.186     1.626   728.000     0.000     0.000    22.756
    20.842     6.192    20.343     5.646     0.499     0.547     2.055   742.000     0.000     0.000    47.629
    21.006     6.015    20.570     5.858     0.436     0.157     2.542   755.000     0.000     0.000    19.785
    21.211     5.794    20.810     6.095     0.401    -0.301     3.108   769.000     0.000     0.000   -36.885
    21.464     5.521    21.005     6.359     0.460    -0.839     3.812   782.000     0.000     0.000   -61.273
    21.784     5.175    21.207     6.662     0.577    -1.487     4.660   796.000     0.000     0.000   -68.787
    22.852     4.548    22.888     5.673    -0.035    -1.126     0.129   832.000     0.000     0.000   -91.795
    22.812     4.807    23.799     5.953    -0.987    -1.146     0.216   872.000     0.000     0.000  -130.725
    23.559     5.189    24.672     6.229    -1.113    -1.040     0.314   911.000     0.000     0.000  -136.958
    24.492     5.668    25.154     6.400    -0.662    -0.732     0.439   933.000     0.000     0.000  -132.146
    25.612     6.244    25.480     6.528     0.132    -0.284     0.579   948.000     0.000     0.000   -65.035
    26.919     6.913    25.806     6.667     1.112     0.246     0.778   963.000     0.000     0.000    12.482
    26.929     7.030    26.117     6.804     0.812     0.226     0.998   977.000     0.000     0.000    15.559
    26.941     7.171    26.434     6.952     0.508     0.219     1.276   991.000     0.000     0.000    23.326
    26.957     7.338    26.759     7.112     0.197     0.225     1.626  1005.000     0.000     0.000    48.822
    26.975     7.543    27.072     7.278    -0.097     0.266     2.045  1018.000     0.000     0.000   110.071
    27.339     7.498    27.422     7.465    -0.083     0.032     2.561  1032.000     0.000     0.000   158.806
    27.793     7.438    27.765     7.663     0.028    -0.225     3.188  1045.000     0.000     0.000   -82.821
    28.357     7.365    28.157     7.898     0.201    -0.533     4.006  1059.000     0.000     0.000   -69.353
    29.067     7.273    28.582     8.169     0.484    -0.896     5.076  1073.000     0.000     0.000   -61.610
    30.024     7.206    29.082     7.571     0.942    -0.365     0.152  1109.000     0.000     0.000   -21.176
    29.971     7.542    29.982     7.887    -0.011    -0.345     0.258  1148.000     0.000     0.000   -91.771
    30.607     7.985    30.919     8.220    -0.311    -0.236     0.383  1188.000     0.000     0.000  -142.896
    31.403     8.540    31.453     8.418    -0.050     0.122     0.542  1210.000     0.000     0.000   112.264
    32.357     9.204    31.834     8.566     0.523     0.638     0.750  1225.000     0.000     0.000    50.680
    33.470     9.981    32.206     8.714     1.264     1.267     1.029  1239.000     0.000     0.000    45.087
    33.219     9.853    32.579     8.858     0.641     0.994     1.293  1253.000     0.000     0.000    57.209
    32.913     9.698    32.986     9.016    -0.073     0.682     1.613  1268.000     0.000     0.000    96.101
    32.552     9.514    33.358     9.162    -0.807     0.351     1.992  1281.000     0.000     0.000   156.455
    32.107     9.287    33.764     9.319    -1.657    -0.032     2.421  1295.000     0.000     0.000  -178.890
    32.729     9.313    34.211     9.496    -1.482    -0.183     3.084  1309.000     0.000     0.000  -172.964
    33.506     9.345    34.664     9.678    -1.159    -0.332     3.923  1322.000     0.000     0.000  -163.999
    34.469     9.386    35.170     9.880    -0.701    -0.494     5.069  1335.000     0.000     0.000  -144.825
    35.682     9.438    35.771    10.118    -0.089    -0.680     6.637  1349.000     0.000     0.000   -97.447
    36.290    10.264    35.543     9.905     0.747     0.358     0.208  1385.000     0.000     0.000    25.640
    36.258    10.467    36.534    10.291    -0.276     0.177     0.348  1425.000     0.000     0.000   147.331
    36.997    10.795    37.508    10.674    -0.511     0.120     0.514  1464.000     0.000     0.000   166.771
    37.921    11.203    38.076    10.899    -0.156     0.304     0.734  1486.000     0.000     0.000   117.118
    39.029    11.691    38.476    11.056     0.553     0.636     0.989  1501.000     0.000     0.000    48.999
    40.322    12.264    38.886    11.215     1.437     1.049     1.343  1516.000     0.000     0.000    36.135
    40.105    12.027    39.263    11.362     0.842     0.664     1.680  1530.000     0.000     0.000    38.285
    39.840    11.738    39.645    11.510     0.195     0.228     2.098  1544.000     0.000     0.000    49.513
    39.526    11.397    40.025    11.657    -0.499    -0.260     2.574  1558.000     0.000     0.000  -152.510
    39.140    10.976    40.403    11.802    -1.263    -0.826     3.123  1572.000     0.000     0.000  -146.804
    39.924    11.466    40.779    11.940    -0.855    -0.474     4.069  1585.000     0.000     0.000  -150.995
    40.902    12.078    41.180    12.083    -0.278    -0.005     5.340  1599.000     0.000     0.000  -178.936
    42.116    12.838    41.563    12.211     0.553     0.627     7.112  1612.000     0.000     0.000    48.569
    43.643    13.793    41.960    12.336     1.683     1.457     9.645  1626.000     0.000     0.000    40.884
    43.818    12.373    43.435    13.165     0.383    -0.792     0.460  1702.000     0.000     0.000   -64.196
    43.763    12.723    44.955    13.846    -1.192    -1.122     0.895  1763.000     0.000     0.000  -136.731
    44.464    13.193    45.298    14.007    -0.834    -0.814     1.195  1778.000     0.000     0.000  -135.709
    45.340    13.781    45.592    14.150    -0.252    -0.369     1.602  1792.000     0.000     0.000  -124.305
    46.392    14.486    45.876    14.297     0.516     0.189     2.125  1807.000     0.000     0.000    20.083
    47.618    15.309    46.083    14.420     1.535     0.889     2.838  1821.000     0.000     0.000    30.086
    47.236    15.184    46.269    14.541     0.967     0.643     3.511  1835.000     0.000     0.000    33.634
    46.767    15.031    46.379    14.640     0.388     0.391     4.303  1848.000     0.000     0.000    45.272
    46.213    14.850    46.429    14.732    -0.216     0.118     5.299  1862.000     0.000     0.000   151.338
    45.532    14.627    46.368    14.795    -0.836    -0.168     6.483  1875.000     0.000     0.000  -168.670
    45.564    14.399    46.147    14.830    -0.583    -0.430     8.113  1889.000     0.000     0.000  -143.598
    45.604    14.116    45.707    14.819    -0.103    -0.703    10.212  1903.000     0.000     0.000   -98.309
