      4.1321000      2.0015000      1.8205000    145.0000000
      5.5480000      3.3615000      2.2272000    159.0000000
     12.9443000      5.7255000      1.7500000    436.0000000
     12.9443000      5.7255000      2.1998000    450.0000000
     20.5254000      5.6265000      1.6256000    728.0000000
     20.8418000      6.1925000      2.0549000    742.0000000
     26.9565000      7.3375000      1.6257000   1005.0000000
     26.9749000      7.5435000      2.0447000   1018.0000000
     32.9135000      9.6980000      1.6130000   1268.0000000
     32.5518000      9.5135000      1.9925000   1281.0000000
     32.1068000      9.2870000      2.4206000   1295.0000000
     40.1051000     12.0265000      1.6803000   1530.0000000
     39.8397000     11.7380000      2.0984000   1544.0000000
     45.3404000     13.7810000      1.6023000   1792.0000000
     46.3923000     14.4855000      2.1252000   1807.0000000
