      9.0895023      2.4505582      9.3953962      1.0220484     30.2160313      5.8543771      0.0000000      1.4557935     11.1337149    -28.7602378      5.2793378
      9.1268854      2.6285224      9.3546314      1.3201391     29.4323750      5.8187588      0.5000000      4.0298300     14.4885327    -25.4025451      8.6697739
      9.1642694      2.8064864      9.3337517      1.9832189     28.6487188      5.7831405      1.0000000     12.7710651     17.8900701    -15.8776537     12.1069296
      9.2016525      2.9844506      9.3463936      2.7148373     27.8650625      5.7475223      1.5000000     21.3451903     18.5279765     -6.5198722     12.7804542
      9.2390366      3.1624146      9.3461723      3.2460477     27.0814062      5.7119040      2.0000000     25.7722512     15.2911408     -1.3091550      9.5792368
      9.2764206      3.3403788      9.3004589      3.5394177     26.2977500      5.6762857      2.5000000     27.3276624     10.2928193      1.0299124      4.6165336
      9.3138037      3.5183430      9.2312574      3.7053223     25.5140937      5.6406675      3.0000000     28.6415946      6.4420596      3.1275009      0.8013921
      9.3511877      3.6963069      9.1980820      3.8354585     24.7304374      5.6050492      3.5000000     29.6605795      4.8156692      4.9301421     -0.7893800
      9.3885708      3.8742712      9.2433205      3.9562836     23.9467812      5.5694310      4.0000000     28.7406630      4.8492952      4.7938819     -0.7201358
      9.4259548      4.0522351      9.3442545      4.0626335     23.1631249      5.5338127      4.5000000     25.9418023      5.8457605      2.7786774      0.3119478
      9.4633379      4.2301993      9.4525433      4.1337280     22.3794687      5.4981944      5.0000000     22.9851948      7.7912358      0.6057261      2.2930414
      9.5007219      4.4081635      9.5973911      4.1347804     21.5958124      5.4625762      5.5000000     20.0201202     11.2308036     -1.5756922      5.7682275
      9.5381050      4.5861278      9.8750200      4.0568371     20.8121561      5.4269579      6.0000000     14.8822711     16.2914720     -5.9298850     10.8645141
      9.5754890      4.7640920     10.2750502      3.9763718     20.0284999      5.3913396      6.5000000      7.0450508     21.4387269    -12.9834491     16.0473872
      9.6128731      4.9420557     10.5976734      4.0339813     19.2448436      5.3557214      7.0000000      0.2459842     23.8357434    -18.9988594     18.4800220
      9.6502562      5.1200199     10.6423693      4.3094692     18.4611873      5.3201031      7.5000000     -1.1622702     21.8327296    -19.6234575     16.5126265
      9.6876402      5.2979841     10.4266100      4.7374129     17.6775311      5.2844849      8.0000000      2.8317081     16.7213662    -14.8458230     11.4368813
      9.7250233      5.4759483     10.1401377      5.1752005     16.8938748      5.2488666      8.5000000      8.4733221     11.3930140     -8.4205527      6.1441474
      9.7624073      5.6539125      9.9404202      5.5285983     16.1102185      5.2132483      9.0000000     12.4775760      7.7761038     -3.6326426      2.5628555
      9.7997904      5.8318763      9.8585024      5.7912869     15.3265623      5.1776301      9.5000000     14.1240256      6.0084229     -1.2025367      0.8307928
