     25.4492302      6.3804078     25.0701389      5.8565707     21.7196116      6.6213368      0.0000000     50.4163168     22.5288242     28.6967052     15.9074874
     25.4177933      6.4910493     25.4159660      6.1385503     22.2847897      6.4432319      0.5000000     51.9351131     23.0287510     29.6503234     16.5855191
     25.3863564      6.6016908     25.6809959      6.4914508     22.8499679      6.2651269      1.0000000     44.9496976     19.7221796     22.0997297     13.4570527
     25.3549194      6.7123318     25.6596603      6.7699819     23.4151460      6.0870220      1.5000000     33.9955190     14.6888952     10.5803729      8.6018732
     25.3234825      6.8229733     25.4501171      6.9237266     23.9803242      5.9089171      2.0000000     25.6391905     10.3144465      1.6588663      4.4055294
     25.2920437      6.9336147     25.2750492      6.9954491     24.5455023      5.7308122      2.5000000     22.7367543      7.5023197     -1.8087480      1.7715075
     25.2606068      7.0442557     25.2202568      7.0423388     25.1106805      5.5527073      3.0000000     23.5749648      5.9958426     -1.5357157      0.4431354
     25.2291698      7.1548972     25.2285156      7.0922780     25.6758586      5.3746023      3.5000000     25.2406928      5.2950441     -0.4351659     -0.0795583
     25.1977329      7.2655387     25.2341690      7.1516275     26.2410368      5.1964974      4.0000000     26.3593862      4.9327412      0.1183494     -0.2637562
     25.1662960      7.3761797     25.2202320      7.2276840     26.8062149      5.0183925      4.5000000     27.0761942      4.5466548      0.2699793     -0.4717377
     25.1348591      7.4868212     25.1918259      7.3330827     27.3713931      4.8402876      5.0000000     27.7793653      4.0700297      0.4079723     -0.7702579
     25.1034222      7.5974627     25.1525211      7.4706259     27.9365712      4.6621827      5.5000000     28.4690919      3.7086894      0.5325207     -0.9534932
     25.0719852      7.7081037     25.1060467      7.6251965     28.5017494      4.4840777      6.0000000     29.0049756      3.6252822      0.5032262     -0.8587956
     25.0405483      7.8187451     25.0591583      7.7759666     29.0669275      4.3059728      6.5000000     29.4067711      3.7371701      0.3398436     -0.5688027
     25.0091114      7.9293866     25.0170403      7.9119987     29.6321057      4.1278679      7.0000000     29.8001465      3.8466871      0.1680408     -0.2811808
     24.9776745      8.0400276     24.9803047      8.0344687     30.1972838      3.9497630      7.5000000     30.2594108      3.8448290      0.0621269     -0.1049340
     24.9462376      8.1506691     24.9469166      8.1492729     30.7624620      3.7716581      8.0000000     30.7798782      3.7418545      0.0174163     -0.0298036
     24.9148006      8.2613106     24.9149380      8.2610350     31.3276401      3.5935532      8.5000000     31.3313752      3.5870737      0.0037351     -0.0064794
     24.8833637      8.3719521     24.8833847      8.3719091     31.8928183      3.4154482      9.0000000     31.8934345      3.4143655      0.0006163     -0.0010827
     24.8519268      8.4825935     24.8519287      8.4825878     32.4579964      3.2373433      9.5000000     32.4580749      3.2372038      0.0000785     -0.0001395
