     40.1969185     11.7827187     40.5505791     11.9462109     25.2223437     10.5616206      0.0000000     29.9958896      8.4279507      4.7735459     -2.1336699
     40.2409706     11.7904530     40.9128113     12.1471167     24.8734519     10.4148332      0.5000000     24.6191848      4.7895789     -0.2542671     -5.6252543
     40.2850266     11.7981882     41.1446571     12.2967157     24.5245601     10.2680458      1.0000000     17.0697840      1.0055312     -7.4547761     -9.2625147
     40.3290787     11.8059235     40.9883842     12.2264919     24.1756683     10.1212585      1.5000000     12.2584226     -0.5669934    -11.9172457    -10.6882519
     40.3731308     11.8136578     40.4269714     11.8895512     23.8267765      9.9744711      2.0000000     13.0448956      1.0931529    -10.7818810     -8.8813182
     40.4171829     11.8213930     39.7721405     11.4509411     23.4778848      9.8276838      2.5000000     17.4702030      4.6270182     -6.0076818     -5.2006655
     40.4612389     11.8291283     39.4030533     11.1646881     23.1289930      9.6808964      3.0000000     21.5448212      7.8074647     -1.5841717     -1.8734317
     40.5052910     11.8368626     39.4456673     11.1577253     22.7801012      9.5341091      3.5000000     23.1650024      9.4628705      0.3849012     -0.0712386
     40.5493431     11.8445978     39.7330170     11.3493166     22.4312094      9.3873217      4.0000000     22.7123158      9.7683183      0.2811064      0.3809966
     40.5933990     11.8523331     40.0303917     11.5720510     22.0823176      9.2405343      4.5000000     21.4730256      9.4604776     -0.6092920      0.2199432
     40.6374512     11.8600683     40.2482796     11.7379513     21.7334258      9.0937470      5.0000000     20.5535873      9.2561923     -1.1798385      0.1624453
     40.6815033     11.8678026     40.4480324     11.8746576     21.3845340      8.9469596      5.5000000     20.6378498      9.6630688     -0.7466842      0.7161092
     40.7255592     11.8755379     40.6999512     12.0347223     21.0356422      8.8001723      6.0000000     21.8190845     10.8021945      0.7834423      2.0020223
     40.7696114     11.8832731     40.9808197     12.2095003     20.6867504      8.6533849      6.5000000     23.4929081     12.2564155      2.8061577      3.6030305
     40.8136635     11.8910074     41.2076073     12.3395462     20.3378586      8.5065976      7.0000000     24.8010405     13.3514182      4.4631819      4.8448206
     40.8577194     11.8987427     41.3468475     12.3984680     19.9889668      8.3598102      7.5000000     25.5365275     13.9144091      5.5475607      5.5545988
     40.9017715     11.9064779     41.4674225     12.4449215     19.6400750      8.2130229      8.0000000     26.5480454     14.6950246      6.9079703      6.4820018
     40.9458237     11.9142122     41.6639061     12.5627317     19.2911832      8.0662355      8.5000000     28.8147588     16.5950743      9.5235756      8.5288388
     40.9898796     11.9219475     41.9244347     12.7439814     18.9422915      7.9194481      9.0000000     31.8913525     19.2724965     12.9490610     11.3530484
     41.0339317     11.9296827     42.1070480     12.8648472     18.5933997      7.7726608      9.5000000     33.6955751     20.9200197     15.1021754     13.1473590
