     -0.0430000      0.2805000      0.5118000     40.0000000
      1.0700000      0.7395000      0.7022000     80.0000000
      2.4624000      1.3125000      0.9169000    101.0000000
      4.1321000      2.0015000      1.1140000    117.0000000
      4.1321000      2.0015000      1.4317000    131.0000000
     10.8224000      3.0855000      0.6513000    378.0000000
     11.8021000      4.3035000      0.8435000    393.0000000
     12.9443000      5.7255000      1.0870000    408.0000000
     12.9443000      5.7255000      1.3827000    422.0000000
     18.5218000      4.1880000      0.6177000    670.0000000
     19.8721000      4.4635000      0.7604000    684.0000000
     20.0499000      4.7805000      0.9771000    699.0000000
     20.2678000      5.1690000      1.2598000    713.0000000
     25.6120000      6.2440000      0.5786000    948.0000000
     26.9187000      6.9135000      0.7780000    963.0000000
     26.9287000      7.0300000      0.9978000    977.0000000
     26.9414000      7.1705000      1.2758000    991.0000000
     31.4028000      8.5400000      0.5421000   1210.0000000
     32.3569000      9.2040000      0.7495000   1225.0000000
     33.4699000      9.9810000      1.0290000   1239.0000000
     33.2194000      9.8525000      1.2934000   1253.0000000
     36.9969000     10.7945000      0.5139000   1464.0000000
     37.9208000     11.2025000      0.7335000   1486.0000000
     39.0293000     11.6915000      0.9893000   1501.0000000
     40.3224000     12.2640000      1.3433000   1516.0000000
     43.7625000     12.7235000      0.8951000   1763.0000000
     44.4640000     13.1925000      1.1948000   1778.0000000
