  2012     3     2    23    33    37    0.0773   -0.0005    1.6224   -1.3065    0.0000    0.0000    0.3091    0.0000   -0.8563    0.7768   33.5629    5.4929
  2012     3     2    23    34    17   -0.0604    0.0697   10.3601    9.3032   -0.0430    0.2805    0.5118   40.0000    0.6549    0.7896   32.5200    5.5468
  2012     3     2    23    34    57   -0.2753   -0.1591   47.8033   17.6920    1.0700    0.7395    0.7022   80.0000    0.9405    0.6218   31.5782    5.5929
  2012     3     2    23    35    18   -0.1451   -0.0753   52.5721   15.5805    2.4624    1.3125    0.9169  101.0000    0.3180    0.2439   30.8248    5.6173
  2012     3     2    23    35    34    0.6183    0.2863   46.4074   11.5639    4.1321    2.0015    1.1140  117.0000   -0.7672   -0.2839   30.1959    5.6337
  2012     3     2    23    35    48   -0.0167   -0.0246   37.1825    8.5674    4.1321    2.0015    1.4317  131.0000   -0.2069   -0.0902   29.3256    5.6475
  2012     3     2    23    36     2   -0.5083   -0.4233   31.9710    8.7648    4.1321    2.0015    1.8205  145.0000    0.3596    0.1295   28.3302    5.6577
  2012     3     2    23    36    16    0.4124    0.3875   29.8581    9.9444    5.5480    3.3615    2.2272  159.0000   -0.5092   -1.0042   27.3414    5.6630
  2012     3     2    23    36    30   -0.1639   -0.0212   23.1771    8.2896    5.2027    3.7245    2.8549  173.0000    0.4322   -1.0610   25.9207    5.6615
  2012     3     2    23    36    44   -0.2138    0.1286   21.0748    3.3965    4.7769    4.1705    3.6284  187.0000    1.4609   -1.1482   24.2667    5.6502
  2012     3     2    23    36    57    0.0959    0.0449   27.5718    1.9613    5.7239    3.8700    4.3753  200.0000    1.0412   -0.5046   22.7550    5.6303
  2012     3     2    23    37    11   -0.1127   -0.0350   25.3971    1.9746    6.9085    3.4940    5.1775  214.0000    0.3802    0.2396   21.2242    5.5991
  2012     3     2    23    37    24    0.0680    0.0655   25.1656    0.6147    8.3769    3.0290    6.0794  227.0000   -0.6048    1.1024   19.5837    5.5562
  2012     3     2    23    37    38    0.1469   -0.1787   21.8773    5.1098   10.2248    2.4430    6.9886  241.0000   -1.9932    2.0933   18.0462    5.5004
  2012     3     2    23    38    14    0.1851   -0.2262    9.8598    3.5055    9.4598    0.5620    0.2025  277.0000   -1.5004    1.7395   30.3782    5.7972
  2012     3     2    23    38    54   -0.0206    0.0487    2.9897   13.9366    9.3527    1.2565    0.3454  317.0000   -0.1780    1.3287   29.6507    5.8319
  2012     3     2    23    39    33    0.0011   -0.1610   30.7712   30.9233   10.0060    2.0695    0.4916  356.0000    0.3180    0.7955   28.9789    5.8602
  2012     3     2    23    39    55   -0.1371   -0.2067   44.6955   38.5353   10.8224    3.0855    0.6513  378.0000    0.1339   -0.0354   28.5213    5.8661
  2012     3     2    23    40    10    0.0070    0.0536   46.2282   36.9850   11.8021    4.3035    0.8435  393.0000   -0.4258   -1.0982   28.1238    5.8595
  2012     3     2    23    40    25    0.3855    0.5746   39.6417   26.6910   12.9443    5.7255    1.0870  408.0000   -1.1601   -2.3477   27.6910    5.8444
  2012     3     2    23    40    39   -0.0522    0.0343   29.1258   11.5351   12.9443    5.7255    1.3827  422.0000   -0.7935   -2.1635   27.2394    5.8192
  2012     3     2    23    40    53   -0.1110   -0.0256   20.9006   -0.9429   12.9443    5.7255    1.7500  436.0000   -0.4436   -1.9557   26.7481    5.7812
  2012     3     2    23    41     7    0.0434    0.2012   19.9150   -2.9674   12.9443    5.7255    2.1998  450.0000   -0.1137   -1.7208   26.2192    5.7277
  2012     3     2    23    41    20    0.0869    0.2202   23.2672    2.2553   12.9443    5.7255    2.7306  463.0000    0.1683   -1.4656   25.6708    5.6572
  2012     3     2    23    41    34   -0.0727   -0.0103   24.7377    3.8234   12.9443    5.7255    3.4311  477.0000    0.4414   -1.1493   25.0337    5.5557
  2012     3     2    23    41    47   -0.1324    0.0747   23.6127    2.8518   12.9443    5.7255    4.2845  490.0000    0.6526   -0.7899   24.3514    5.4231
  2012     3     2    23    42     1    0.0043    0.0626   23.0857    4.3119   12.9443    5.7255    5.3993  504.0000    0.8324   -0.3413   23.5744    5.2382
  2012     3     2    23    42    15   -0.1630    0.0104   23.5229    4.4498   12.9443    5.7255    6.8345  518.0000    0.9407    0.2086   22.7074    4.9871
  2012     3     2    23    42    51    0.0353    0.0101    3.0924   -2.9758   15.6334    3.5640    0.1650  554.0000    0.2633    0.3743   26.9030    6.1157
  2012     3     2    23    43    30   -0.0471    0.0282    7.8343    2.0383   15.6279    3.6000    0.2718  593.0000    1.2874    0.6117   26.3644    6.1393
  2012     3     2    23    44    10   -0.1859   -0.0262   39.7081    6.9494   16.3995    3.7570    0.3800  633.0000    1.5381    0.7348   25.8492    6.1598
  2012     3     2    23    44    32   -0.3091   -0.0511   53.5412    9.4730   17.3643    3.9530    0.4936  655.0000    1.1152    0.7092   25.5757    6.1572
  2012     3     2    23    44    47   -0.0359   -0.0248   55.2069   10.9077   18.5218    4.1880    0.6177  670.0000    0.3137    0.6042   25.3992    6.1434
  2012     3     2    23    45     1    0.5172    0.0097   50.2743   11.8627   19.8721    4.4635    0.7604  684.0000   -0.7123    0.4574   25.2493    6.1225
  2012     3     2    23    45    16    0.0047   -0.0116   39.8213   12.2979   20.0499    4.7805    0.9771  699.0000   -0.5583    0.2964   25.1125    6.0825
  2012     3     2    23    45    30   -0.1543   -0.0356   29.4733   11.7420   20.2678    5.1690    1.2598  713.0000   -0.4849    0.0756   25.0210    6.0224
  2012     3     2    23    45    45   -0.0604   -0.0459   23.7283    9.2798   20.5254    5.6265    1.6256  728.0000   -0.4439   -0.1862   24.9732    5.9377
  2012     3     2    23    45    59    0.1353    0.1941   24.0253    5.2360   20.8418    6.1925    2.0549  742.0000   -0.4990   -0.5470   24.9939    5.8309
  2012     3     2    23    46    12    0.0837   -0.0255   25.3324    1.7981   21.0055    6.0150    2.5424  755.0000   -0.4358   -0.1568   25.0874    5.7029
  2012     3     2    23    46    26    0.0202   -0.0337   25.1802    0.8209   21.2108    5.7940    3.1077  769.0000   -0.4006    0.3006   25.2640    5.5475
  2012     3     2    23    46    39    0.0492    0.0518   25.6967    1.5856   21.4643    5.5205    3.8121  782.0000   -0.4597    0.8388   25.5662    5.3461
  2012     3     2    23    46    53    0.1036   -0.1496   25.8968    4.8564   21.7843    5.1750    4.6600  796.0000   -0.5773    1.4875   26.0234    5.0941
  2012     3     2    23    47    29   -0.0036   -0.1075    0.8563   -0.8975   22.8524    4.5475    0.1294  832.0000    0.0353    1.1259   23.3272    6.4443
  2012     3     2    23    48     9   -0.0422    0.0494    5.5425    5.9748   22.8119    4.8070    0.2159  872.0000    0.9869    1.1464   22.8807    6.4627
  2012     3     2    23    48    48   -0.1190   -0.0849   37.2389   18.4277   23.5588    5.1895    0.3136  911.0000    1.1132    1.0396   22.4870    6.4731
  2012     3     2    23    49    10   -0.2585   -0.1501   50.6189   22.9637   24.4921    5.6685    0.4391  933.0000    0.6621    0.7316   22.3552    6.4527
  2012     3     2    23    49    25   -0.0128   -0.0173   51.0095   22.4847   25.6120    6.2440    0.5786  948.0000   -0.1321    0.2837   22.3406    6.4181
  2012     3     2    23    49    40    0.4880    0.2114   43.2135   18.5791   26.9187    6.9135    0.7780  963.0000   -1.1124   -0.2462   22.5725    6.4233
  2012     3     2    23    49    54   -0.0059   -0.0019   31.7391   13.0712   26.9287    7.0300    0.9978  977.0000   -0.8119   -0.2261   22.8586    6.4344
  2012     3     2    23    50     8   -0.1620   -0.0831   21.4258    7.7501   26.9414    7.1705    1.2758  991.0000   -0.5076   -0.2189   23.1870    6.4254
  2012     3     2    23    50    22   -0.0505   -0.0337   17.6679    4.5596   26.9565    7.3375    1.6257 1005.0000   -0.1971   -0.2254   23.5640    6.3919
  2012     3     2    23    50    35    0.0355    0.1204   20.9897    3.8400   26.9749    7.5435    2.0447 1018.0000    0.0972   -0.2659   23.9783    6.3286
  2012     3     2    23    50    49    0.1048    0.0435   25.9753    4.1929   27.3388    7.4975    2.5610 1032.0000    0.0835   -0.0324   24.4479    6.2388
  2012     3     2    23    51     2   -0.0002   -0.0121   26.9647    4.4522   27.7933    7.4380    3.1883 1045.0000   -0.0284    0.2254   24.9757    6.1052
  2012     3     2    23    51    16   -0.0157    0.0287   26.1865    4.2879   28.3573    7.3650    4.0063 1059.0000   -0.2007    0.5325   25.6091    5.9136
  2012     3     2    23    51    30    0.1347   -0.0381   26.4372    5.8852   29.0667    7.2730    5.0758 1073.0000   -0.4844    0.8963   26.3747    5.6374
  2012     3     2    23    52     6    0.0876   -0.0908    4.5461    2.3753   30.0238    7.2060    0.1523 1109.0000   -0.9415    0.3647   22.6438    7.5704
  2012     3     2    23    52    45    0.0047    0.0676    1.8887    6.7294   29.9709    7.5420    0.2581 1148.0000    0.0107    0.3447   22.9114    7.7812
  2012     3     2    23    53    25    0.0359   -0.0646   28.0111   19.0387   30.6074    7.9845    0.3829 1188.0000    0.3115    0.2356   23.1677    7.9928
  2012     3     2    23    53    47   -0.1102   -0.1346   41.0524   23.7861   31.4028    8.5400    0.5421 1210.0000    0.0499   -0.1219   23.3312    8.0796
  2012     3     2    23    54     2   -0.0087   -0.0209   41.4710   22.3782   32.3569    9.2040    0.7495 1225.0000   -0.5227   -0.6381   23.4647    8.1066
  2012     3     2    23    54    16    0.4222    0.2988   32.1640   15.8076   33.4699    9.9810    1.0290 1239.0000   -1.2636   -1.2674   23.5986    8.1040
  2012     3     2    23    54    30   -0.0866   -0.0184   19.1853    7.2155   33.2194    9.8525    1.2934 1253.0000   -0.6406   -0.9943   23.7053    8.1073
  2012     3     2    23    54    45   -0.1677   -0.0747    8.9641    0.2892   32.9135    9.6980    1.6130 1268.0000    0.0729   -0.6822   23.8030    8.0998
  2012     3     2    23    54    58    0.0017    0.0262    8.9496   -0.4569   32.5518    9.5135    1.9925 1281.0000    0.8066   -0.3515   23.8828    8.0608
  2012     3     2    23    55    12   -0.1845    0.0051   18.2488    3.4800   32.1068    9.2870    2.4206 1295.0000    1.6573    0.0321   23.9384    8.0138
  2012     3     2    23    55    26   -0.0471   -0.0037   27.4755    7.6133   32.7285    9.3135    3.0838 1309.0000    1.4823    0.1830   23.9805    7.8924
  2012     3     2    23    55    39   -0.1923   -0.0779   26.2734    7.3285   33.5058    9.3455    3.9231 1322.0000    1.1586    0.3323   23.9825    7.7098
  2012     3     2    23    55    52    0.0286    0.0078   24.9525    7.0083   34.4694    9.3865    5.0688 1335.0000    0.7009    0.4940   23.9246    7.4319
  2012     3     2    23    56     6   -0.0882   -0.0607   24.4712    7.3748   35.6818    9.4380    6.6373 1349.0000    0.0888    0.6797   23.7547    7.0299
  2012     3     2    23    56    42    0.0963    0.0016    6.5654    4.6247   36.2901   10.2635    0.2076 1385.0000   -0.7468   -0.3585   24.1008    9.2982
  2012     3     2    23    57    22   -0.0616    0.0383    4.7650    4.4080   36.2578   10.4675    0.3479 1425.0000    0.2760   -0.1770   24.2711    9.5080
  2012     3     2    23    58     1   -0.0088    0.0075   28.8203   12.3940   36.9969   10.7945    0.5139 1464.0000    0.5115   -0.1202   24.3944    9.7047
  2012     3     2    23    58    23   -0.1256   -0.0429   41.6431   17.0135   37.9208   11.2025    0.7335 1486.0000    0.1557   -0.3040   24.3923    9.7781
  2012     3     2    23    58    38    0.0045    0.0220   42.2026   16.8438   39.0293   11.6915    0.9893 1501.0000   -0.5529   -0.6360   24.3238    9.7968
  2012     3     2    23    58    53    0.4246    0.2438   32.4517   11.9228   40.3224   12.2640    1.3433 1516.0000   -1.4369   -1.0491   24.1812    9.7868
  2012     3     2    23    59     7   -0.0997   -0.0433   19.7876    5.3691   40.1051   12.0265    1.6803 1530.0000   -0.8416   -0.6643   24.0158    9.7766
  2012     3     2    23    59    21   -0.0908   -0.0408   11.3906    0.9364   39.8397   11.7380    2.0984 1544.0000   -0.1946   -0.2280   23.7732    9.7432
  2012     3     2    23    59    35    0.0972    0.0642   13.1968    2.2111   39.5259   11.3970    2.5737 1558.0000    0.4993    0.2598   23.4588    9.6942
  2012     3     2    23    59    49   -0.1727   -0.1369   21.1268    7.6644   39.1403   10.9760    3.1235 1572.0000    1.2627    0.8261   23.0534    9.6247
  2012     3     3     0     0     2   -0.0900   -0.0206   24.5925   11.0934   39.9237   11.4655    4.0695 1585.0000    0.8553    0.4742   22.3192    9.4343
  2012     3     3     0     0    16    0.0105    0.0157   22.1342    9.8457   40.9023   12.0780    5.3404 1599.0000    0.2781    0.0052   21.2526    9.1587
  2012     3     3     0     0    29    0.0247    0.0532   20.1777    9.0227   42.1159   12.8380    7.1124 1612.0000   -0.5533   -0.6269   19.6891    8.7346
  2012     3     3     0     0    43    0.1426    0.1169   17.2384    8.0186   43.6427   13.7925    9.6449 1626.0000   -1.6827   -1.4568   17.3217    8.1035
  2012     3     3     0     1    59    0.1068   -0.0526    7.1084    1.7270   43.8184   12.3730    0.4596 1702.0000   -0.3831    0.7923   25.4592   11.2338
  2012     3     3     0     3     0   -0.2541   -0.1342   17.8578   15.3682   43.7625   12.7235    0.8951 1763.0000    1.1923    1.1224   25.1794   11.5023
  2012     3     3     0     3    15    0.0035   -0.0331   27.5211   18.8236   44.4640   13.1925    1.1948 1778.0000    0.8345    0.8140   24.8356   11.5167
  2012     3     3     0     3    29    0.0603   -0.0018   33.5783   19.9462   45.3404   13.7810    1.6023 1792.0000    0.2516    0.3688   24.3189   11.4964
  2012     3     3     0     3    44   -0.0737   -0.0523   32.4580   18.0061   46.3923   14.4855    2.1252 1807.0000   -0.5159   -0.1886   23.6077   11.4528
  2012     3     3     0     3    58    0.2598    0.1479   23.2220   12.5509   47.6181   15.3090    2.8381 1821.0000   -1.5350   -0.8893   22.5803   11.3534
  2012     3     3     0     4    12    0.0045   -0.0030   16.4844    8.7911   47.2355   15.1840    3.5106 1835.0000   -0.9669   -0.6433   21.5529   11.2668
  2012     3     3     0     4    25    0.0464    0.0415   17.2035    9.5702   46.7669   15.0310    4.3035 1848.0000   -0.3877   -0.3914   20.2943   11.1436
  2012     3     3     0     4    39   -0.0098    0.0023   16.6994   10.0947   46.2133   14.8500    5.2989 1862.0000    0.2157   -0.1179   18.6506   10.9761
  2012     3     3     0     4    52   -0.1121   -0.0272   16.2678   10.2876   45.5323   14.6275    6.4829 1875.0000    0.8361    0.1675   16.6369   10.7551
  2012     3     3     0     5     6   -0.0724   -0.0407   14.3760   10.2441   45.5639   14.3995    8.1126 1889.0000    0.5835    0.4302   13.7868   10.4283
  2012     3     3     0     5    20   -0.0165   -0.0595   10.1621   10.1105   45.6041   14.1155   10.2124 1903.0000    0.1027    0.7031   10.0140    9.9845
