      5.2027000      3.7245000      2.8549000    173.0000000
     12.9443000      5.7255000      2.7306000    463.0000000
     12.9443000      5.7255000      3.4311000    477.0000000
     21.0055000      6.0150000      2.5424000    755.0000000
     21.2108000      5.7940000      3.1077000    769.0000000
     27.3388000      7.4975000      2.5610000   1032.0000000
     27.7933000      7.4380000      3.1883000   1045.0000000
     32.7285000      9.3135000      3.0838000   1309.0000000
     39.5259000     11.3970000      2.5737000   1558.0000000
     39.1403000     10.9760000      3.1235000   1572.0000000
     47.6181000     15.3090000      2.8381000   1821.0000000
