     17.9384594      4.3550849     16.5040531      3.6955271     25.9678214      6.2378569      0.0000000     33.6963808      6.9315115      7.7285594      0.6936546
     17.8352108      4.5106087     16.5062923      3.8056569     25.8585824      6.1309953      0.5000000     38.1070825      6.4869840     12.2485001      0.3559887
     17.7319641      4.6661320     16.8169041      4.0912209     25.7493433      6.0241337      1.0000000     39.1677105      6.4721495     13.4183672      0.4480157
     17.6287174      4.8216558     17.1669312      4.4839411     25.6401043      5.9172721      1.5000000     36.2989909      6.9870323     10.6588867      1.0697602
     17.5254688      4.9771791     17.3610649      4.8629551     25.5308652      5.8104106      2.0000000     32.0241721      7.2512593      6.4933069      1.4408487
     17.4222221      5.1327028     17.3890896      5.1494036     25.4216262      5.7035490      2.5000000     28.9355840      6.5002901      3.5139578      0.7967411
     17.3189735      5.2882261     17.3231335      5.3424983     25.3123871      5.5966874      3.0000000     27.5438501      5.0132353      2.2314630     -0.5834520
     17.2157269      5.4437499     17.2174625      5.4848976     25.2031480      5.4898258      3.5000000     27.1353895      3.7080516      1.9322415     -1.7817742
     17.1124802      5.5992732     17.0956268      5.6169662     25.0939090      5.3829642      4.0000000     27.2029575      3.0282855      2.1090485     -2.3546787
     17.0092316      5.7547970     16.9663467      5.7588964     24.9846699      5.2761026      4.5000000     27.6145358      2.7911122      2.6298659     -2.4849904
     16.9059849      5.9103203     16.8336277      5.9111466     24.8754309      5.1692410      5.0000000     28.2119840      2.8725540      3.3365531     -2.2966870
     16.8027382      6.0658441     16.7020245      6.0617223     24.7661918      5.0623794      5.5000000     28.7392837      3.4397945      3.9730919     -1.6225849
     16.6994896      6.2213674     16.5777760      6.2014561     24.6569527      4.9555178      6.0000000     28.9929117      4.4942932      4.3359590     -0.4612246
     16.5962429      6.3768911     16.4678440      6.3361659     24.5477137      4.8486562      6.5000000     28.8349697      5.5854545      4.2872560      0.7367983
     16.4929962      6.5324144     16.3771172      6.4804573     24.4384746      4.7417946      7.0000000     28.1691829      6.1518165      3.7307083      1.4100219
     16.3897476      6.6879382     16.3029079      6.6413026     24.3292356      4.6349331      7.5000000     27.0742313      6.0218661      2.7449957      1.3869331
     16.2865009      6.8434615     16.2338428      6.8124452     24.2199965      4.5280715      8.0000000     25.8701800      5.4772001      1.6501834      0.9491286
     16.1832523      6.9989853     16.1578617      6.9833150     24.1107575      4.4212099      8.5000000     24.9033420      4.9055818      0.7925845      0.4843719
     16.0800056      7.1545086     16.0703659      7.1484199     24.0015184      4.3143483      9.0000000     24.3018651      4.5032788      0.3003467      0.1889306
     15.9767580      7.3100324     15.9738932      7.3082013     23.8922793      4.2074867      9.5000000     23.9814913      4.2643889      0.0892120      0.0569023
