      0.0000000      0.0000000      0.3091000      0.0000000
      9.4598000      0.5620000      0.2025000    277.0000000
      9.3527000      1.2565000      0.3454000    317.0000000
     10.0060000      2.0695000      0.4916000    356.0000000
     15.6334000      3.5640000      0.1650000    554.0000000
     15.6279000      3.6000000      0.2718000    593.0000000
     16.3995000      3.7570000      0.3800000    633.0000000
     17.3643000      3.9530000      0.4936000    655.0000000
     22.8524000      4.5475000      0.1294000    832.0000000
     22.8119000      4.8070000      0.2159000    872.0000000
     23.5588000      5.1895000      0.3136000    911.0000000
     24.4921000      5.6685000      0.4391000    933.0000000
     30.0238000      7.2060000      0.1523000   1109.0000000
     29.9709000      7.5420000      0.2581000   1148.0000000
     30.6074000      7.9845000      0.3829000   1188.0000000
     36.2901000     10.2635000      0.2076000   1385.0000000
     36.2578000     10.4675000      0.3479000   1425.0000000
     43.8184000     12.3730000      0.4596000   1702.0000000
