     48.4276543     15.4225330     48.3401451     15.3676300     27.0363041     12.5483163      0.0000000     30.4322351     14.6759220      3.3959310      2.1276057
     48.2879639     15.3866396     48.1967545     15.3226871     26.2185727     12.4180944      0.5000000     30.1668709     15.0278787      3.9482982      2.6097843
     48.1482773     15.3507452     48.1245804     15.3164215     25.4008414     12.2878725      1.0000000     28.0898329     14.4012779      2.6889915      2.1134055
     48.0085869     15.3148518     48.1613007     15.3775806     24.5831101     12.1576505      1.5000000     23.4640625     12.2286703     -1.1190476      0.0710197
     47.8688965     15.2789574     48.2778473     15.4979887     23.7653787     12.0274286      2.0000000     16.9292349      8.6902292     -6.8361438     -3.3371994
     47.7292061     15.2430630     48.3409538     15.6030073     22.9476474     11.8972067      2.5000000     11.1949927      5.3081696    -11.7526547     -6.5890371
     47.5895157     15.2071695     48.2153549     15.6085587     22.1299160     11.7669848      3.0000000      9.3197086      4.0113496    -12.8102075     -7.7556352
     47.4498253     15.1712751     47.9211807     15.5182133     21.3121847     11.6367629      3.5000000     11.4338712      5.0889941     -9.8783135     -6.5477688
     47.3101349     15.1353817     47.5926437     15.4061537     20.4944533     11.5065410      4.0000000     14.6852696      7.0010008     -5.8091838     -4.5055402
     47.1704483     15.0994873     47.2858009     15.3084707     19.6767220     11.3763191      4.5000000     16.8123470      8.4231850     -2.8643750     -2.9531341
     47.0307579     15.0635929     46.9461708     15.2010565     18.8589907     11.2460971      5.0000000     17.9137131      9.3312049     -0.9452775     -1.9148922
     46.8910675     15.0276995     46.5511627     15.0698938     18.0412593     11.1158752      5.5000000     18.7507975     10.0996730      0.7095382     -1.0162022
     46.7513771     14.9918051     46.1738663     14.9346991     17.2235280     10.9856533      6.0000000     19.2621070     10.7147858      2.0385790     -0.2708676
     46.6116867     14.9559116     45.9022408     14.8102417     16.4057966     10.8554314      6.5000000     18.9945924     11.0083768      2.5887957      0.1529454
     46.4719963     14.9200172     45.7547112     14.6906385     15.5880653     10.7252095      7.0000000     17.8931724     10.9910089      2.3051071      0.2657994
     46.3323059     14.8841228     45.6872292     14.5736303     14.7703340     10.5949876      7.5000000     16.3504265     10.7863975      1.5800926      0.1914100
     46.1926193     14.8482294     45.6551819     14.4710064     13.9526026     10.4647657      8.0000000     14.8144350     10.4542975      0.8618324     -0.0104682
     46.0529289     14.8123350     45.6409187     14.3822498     13.1348713     10.3345437      8.5000000     13.5004575      9.9504863      0.3655862     -0.3840575
     45.9132385     14.7764416     45.6298370     14.2814550     12.3171399     10.2043218      9.0000000     12.3972127      9.2354563      0.0800728     -0.9688655
     45.7735481     14.7405472     45.5970917     14.1603241     11.4994086     10.0740999      9.5000000     11.4234405      8.4320043     -0.0759681     -1.6420956
