     -1.0976409      0.6668274     -0.2055025     -0.0447718     34.4642411      5.4708972      0.0000000      4.9218814     -0.8765974    -29.5423597     -6.3474946
     -0.7071848      0.8447905     -0.0389764      0.0643553     33.0061677      5.5065223      0.5000000      1.1248752     -1.2324118    -31.8812925     -6.7389341
     -0.3167288      1.0227536      0.0105570      0.3585733     31.5480942      5.5421473      1.0000000      5.0161993      0.0629011    -26.5318950     -5.4792462
      0.0737273      1.2007166      0.1398084      0.7614198     30.0900207      5.5777724      1.5000000     12.8963532      2.1440148    -17.1936675     -3.4337576
      0.4641833      1.3786796      0.4210285      1.1531870     28.6319473      5.6133975      2.0000000     19.7981036      3.9964489     -8.8338437     -1.6169486
      0.8546394      1.5566427      0.8039110      1.4694132     27.1738738      5.6490225      2.5000000     23.4921430      5.2376466     -3.6817308     -0.4113760
      1.2450955      1.7346058      1.2160871      1.7137971     25.7158003      5.6846476      3.0000000     24.3932425      5.9272531     -1.3225578      0.2426055
      1.6355515      1.9125688      1.6212630      1.9152533     24.2577269      5.7202727      3.5000000     23.6808511      6.1907107     -0.5768758      0.4704380
      2.0260077      2.0905318      2.0163414      2.0974426     22.7996534      5.7558977      4.0000000     22.3393735      6.1732611     -0.4602799      0.4173634
      2.4164636      2.2684948      2.4087427      2.2734001     21.3415799      5.7915228      4.5000000     20.9415013      6.0487632     -0.4000786      0.2572404
      2.8069196      2.4464579      2.8020113      2.4487619     19.8835064      5.8271479      5.0000000     19.6282519      5.9424581     -0.2552546      0.1153102
      3.1973758      2.6244211      3.1951776      2.6250923     18.4254330      5.8627729      5.5000000     18.3132520      5.8930471     -0.1121810      0.0302742
      3.5878317      2.8023841      3.5871422      2.8022752     16.9673595      5.8983980      6.0000000     16.9332957      5.8869806     -0.0340638     -0.0114174
      3.9782877      2.9803472      3.9781995      2.9799001     15.5092860      5.9340231      6.5000000     15.5072903      5.9031493     -0.0019958     -0.0308737
      4.3687439      3.1583102      4.3689470      3.1577497     14.0512126      5.9696481      7.0000000     14.0669213      5.9318472      0.0157087     -0.0378010
      4.7592001      3.3362732      4.7595549      3.3357618     12.5931391      6.0052732      7.5000000     12.6183238      5.9708957      0.0251847     -0.0343775
      5.1496558      3.5142362      5.1499968      3.5138769     11.1350656      6.0408983      8.0000000     11.1586347      6.0167604      0.0235690     -0.0241378
      5.5401120      3.6921992      5.5403333      3.6920040      9.6769922      6.0765233      8.5000000      9.6921018      6.0634079      0.0151097     -0.0131154
      5.9305682      3.8701622      5.9306717      3.8700800      8.2189187      6.1121484      9.0000000      8.2259363      6.1066309      0.0070176     -0.0055175
      6.3210239      4.0481253      6.3210602      4.0480986      6.7608452      6.1477735      9.5000000      6.7632763      6.1459742      0.0024311     -0.0017993
