     32.5375786      8.7687120     32.9978180      9.1726618     23.4083833      8.5749248      0.0000000     38.9175138     15.8695705     15.5091304      7.2946457
     32.6176910      8.8252945     33.4927254      9.6339502     23.5283311      8.4115720      0.5000000     34.0679787     12.9181636     10.5396476      4.5065916
     32.6978035      8.8818769     33.6334038      9.9189978     23.6482789      8.2482192      1.0000000     23.3909274      7.5815280     -0.2573515     -0.6666913
     32.7779160      8.9384584     33.1732407      9.8292608     23.7682266      8.0848664      1.5000000     12.1807623      2.9521123    -11.5874643     -5.1327541
     32.8580284      8.9950409     32.3963203      9.4778862     23.8881744      7.9215136      2.0000000      5.7864948      1.3831543    -18.1016795     -6.5383593
     32.9381371      9.0516224     31.8706264      9.1602144     24.0081221      7.7581608      2.5000000      5.6483428      2.5591823    -18.3597793     -5.1989785
     33.0182495      9.1082048     31.8641987      9.0348930     24.1280699      7.5948080      3.0000000      9.2761617      4.4155098    -14.8519082     -3.1792982
     33.0983620      9.1647863     32.1852837      9.0425930     24.2480176      7.4314552      3.5000000     13.0999553      5.2582727    -11.1480624     -2.1731825
     33.1784744      9.2213688     32.5262260      9.0734062     24.3679654      7.2681024      4.0000000     15.2258637      4.8163351     -9.1421017     -2.4517673
     33.2585869      9.2779503     32.7652092      9.0915012     24.4879132      7.1047496      4.5000000     16.0851769      3.7612368     -8.4027362     -3.3435129
     33.3386993      9.3345327     32.9492378      9.1131716     24.6078609      6.9413968      5.0000000     17.1213576      2.7249437     -7.4865034     -4.2164532
     33.4188118      9.3911152     33.1423492      9.1507530     24.7278087      6.7780440      5.5000000     19.1658981      1.8908799     -5.5619105     -4.8871641
     33.4989243      9.4476967     33.3486633      9.2038393     24.8477564      6.6146912      6.0000000     21.8489706      1.2965488     -2.9987859     -5.3181424
     33.5790329      9.5042791     33.5332489      9.2756453     24.9677042      6.4513384      6.5000000     24.1831215      1.1779029     -0.7845827     -5.2734355
     33.6591454      9.5608606     33.6706390      9.3723211     25.0876519      6.2879857      7.0000000     25.5103259      1.7862194      0.4226740     -4.5017662
     33.7392578      9.6174431     33.7653542      9.4875946     25.2075997      6.1246329      7.5000000     25.8970882      2.9672192      0.6894885     -3.1574136
     33.8193703      9.6740246     33.8388290      9.6018715     25.3275475      5.9612801      8.0000000     25.8199142      4.1911679      0.4923668     -1.7701122
     33.8994827      9.7306070     33.9090729      9.6988516     25.4474952      5.7979273      8.5000000     25.6868925      5.0156446      0.2393972     -0.7822827
     33.9795952      9.7871885     33.9830704      9.7762194     25.5674430      5.6345745      9.0000000     25.6537726      5.3638240      0.0863296     -0.2707504
     34.0597076      9.8437710     34.0606651      9.8408089     25.6873907      5.4712217      9.5000000     25.7111503      5.3980572      0.0237596     -0.0731644
