     0.000     0.000     0.309     0.000
    -0.043     0.281     0.512    40.000
     1.070     0.740     0.702    80.000
     2.462     1.312     0.917   101.000
     4.132     2.002     1.114   117.000
     4.132     2.002     1.432   131.000
     4.132     2.002     1.821   145.000
     5.548     3.361     2.227   159.000
     5.203     3.724     2.855   173.000
     4.777     4.170     3.628   187.000
     5.724     3.870     4.375   200.000
     6.909     3.494     5.178   214.000
     8.377     3.029     6.079   227.000
    10.225     2.443     6.989   241.000
     9.460     0.562     0.203   277.000
     9.353     1.256     0.345   317.000
    10.006     2.070     0.492   356.000
    10.822     3.086     0.651   378.000
    11.802     4.303     0.844   393.000
    12.944     5.726     1.087   408.000
    12.944     5.726     1.383   422.000
    12.944     5.726     1.750   436.000
    12.944     5.726     2.200   450.000
    12.944     5.726     2.731   463.000
    12.944     5.726     3.431   477.000
    12.944     5.726     4.285   490.000
    12.944     5.726     5.399   504.000
    12.944     5.726     6.835   518.000
    15.633     3.564     0.165   554.000
    15.628     3.600     0.272   593.000
    16.399     3.757     0.380   633.000
    17.364     3.953     0.494   655.000
    18.522     4.188     0.618   670.000
    19.872     4.463     0.760   684.000
    20.050     4.780     0.977   699.000
    20.268     5.169     1.260   713.000
    20.525     5.627     1.626   728.000
    20.842     6.192     2.055   742.000
    21.006     6.015     2.542   755.000
    21.211     5.794     3.108   769.000
    21.464     5.521     3.812   782.000
    21.784     5.175     4.660   796.000
    22.852     4.548     0.129   832.000
    22.812     4.807     0.216   872.000
    23.559     5.189     0.314   911.000
    24.492     5.668     0.439   933.000
    25.612     6.244     0.579   948.000
    26.919     6.913     0.778   963.000
    26.929     7.030     0.998   977.000
    26.941     7.171     1.276   991.000
    26.957     7.338     1.626  1005.000
    26.975     7.543     2.045  1018.000
    27.339     7.498     2.561  1032.000
    27.793     7.438     3.188  1045.000
    28.357     7.365     4.006  1059.000
    29.067     7.273     5.076  1073.000
    30.024     7.206     0.152  1109.000
    29.971     7.542     0.258  1148.000
    30.607     7.985     0.383  1188.000
    31.403     8.540     0.542  1210.000
    32.357     9.204     0.750  1225.000
    33.470     9.981     1.029  1239.000
    33.219     9.853     1.293  1253.000
    32.913     9.698     1.613  1268.000
    32.552     9.514     1.992  1281.000
    32.107     9.287     2.421  1295.000
    32.729     9.313     3.084  1309.000
    33.506     9.345     3.923  1322.000
    34.469     9.386     5.069  1335.000
    35.682     9.438     6.637  1349.000
    36.290    10.264     0.208  1385.000
    36.258    10.467     0.348  1425.000
    36.997    10.795     0.514  1464.000
    37.921    11.203     0.734  1486.000
    39.029    11.691     0.989  1501.000
    40.322    12.264     1.343  1516.000
    40.105    12.027     1.680  1530.000
    39.840    11.738     2.098  1544.000
    39.526    11.397     2.574  1558.000
    39.140    10.976     3.123  1572.000
    39.924    11.466     4.069  1585.000
    40.902    12.078     5.340  1599.000
    42.116    12.838     7.112  1612.000
    43.643    13.793     9.645  1626.000
    43.818    12.373     0.460  1702.000
    43.763    12.723     0.895  1763.000
    44.464    13.193     1.195  1778.000
    45.340    13.781     1.602  1792.000
    46.392    14.486     2.125  1807.000
    47.618    15.309     2.838  1821.000
    47.236    15.184     3.511  1835.000
    46.767    15.031     4.303  1848.000
    46.213    14.850     5.299  1862.000
    45.532    14.627     6.483  1875.000
    45.564    14.399     8.113  1889.000
    45.604    14.116    10.212  1903.000
  nobs=          96
  obs xmin/max= -4.300000000000000E-002   47.6180999999999     
  obs ymin/max=  0.000000000000000E+000   15.3090000000000     
  obs zmin/max=  0.129400000000000        10.2124000000000     
  obs tmin/max=  0.000000000000000E+000   1903.00000000000     
  dt=   63.0000000000000        1903.01000000000     
  b=
 -0.1097641E+01  0.6558580E+02
  0.4877988E+02  0.5159293E+02
  0.7492392E+01  0.4541771E+01
  0.4546989E+02  0.1654692E+02
  var=  0.611493396568389     
  b=
  0.6668275E+00  0.1041117E+02
  0.1558632E+02  0.2403572E+02
  0.4582015E+01  0.1190266E+02
  0.1475948E+02  0.1861247E+02
  var=  0.683450082315078     
  sig=   3.46648739478063       1.988415582183737E-006   1743341.49553064     
  sig=   3.87440176558315       2.222399785517964E-006   1743341.49545472     
 loop=           1          96  0.153091456224934     
  rms=  0.153091456224934       0.781980432343667       0.826710398092995     
