      5.8037124     10.1154747      5.2550721      9.1603041      9.0349425     11.9276303      0.0000000     11.1441497     22.6999938      2.1092072     10.7723635
      6.0032921     10.4156952      5.1947513      9.2955141      9.5121764     12.4779826      0.5000000     10.3579931     22.9415918      0.8458168     10.4636093
      6.2028723     10.7159166      5.1570129      9.5861549      9.9894103     13.0283348      1.0000000      6.6031618     19.1576281     -3.3862484      6.1292932
      6.4024520     11.0161371      5.1468735      9.9975471     10.4666441     13.5786871      1.5000000     -0.1215337     13.6505342    -10.5881778      0.0718471
      6.6020317     11.3163586      5.1686978     10.4756842     10.9438780     14.1290393      2.0000000     -7.7164521      9.2946880    -18.6603301     -4.8343513
      6.8016114     11.6165791      5.3096328     10.9567404     11.4211119     14.6793916      2.5000000    -12.0374034      6.9610756    -23.4585153     -7.7183160
      7.0011911     11.9168005      5.6973562     11.3930340     11.8983458     15.2297438      3.0000000     -9.6422837      6.1816860    -21.5406295     -9.0480578
      7.2007713     12.2170210      6.3164477     11.7844458     12.3755796     15.7800961      3.5000000     -1.9672136      6.4502305    -14.3427932     -9.3298655
      7.4003510     12.5172424      6.9609594     12.1464119     12.8528135     16.3304483      4.0000000      5.0821600      7.0738392     -7.7706535     -9.2566091
      7.5999308     12.8174629      7.4385605     12.4844961     13.3300474     16.8808005      4.5000000      7.2990291      7.5790010     -6.0310183     -9.3017995
      7.7995105     13.1176834      7.7385159     12.8193703     13.8072813     17.4311528      5.0000000      6.1923173      8.5639923     -7.6149640     -8.8671605
      7.9990902     13.4179049      7.9609861     13.1799927     14.2845152     17.9815050      5.5000000      5.8442808     10.8186147     -8.4402343     -7.1628904
      8.1986704     13.7181253      8.1750154     13.5636959     14.7617490     18.5318573      6.0000000      7.9396942     13.9547162     -6.8220548     -4.5771411
      8.3982496     14.0183468      8.3894310     13.9399452     15.2389829     19.0822095      6.5000000     11.1912197     16.8269270     -4.0477632     -2.2552825
      8.5978298     14.3185673      8.5970287     14.2877941     15.7162168     19.6325618      7.0000000     13.9114329     18.7808849     -1.8047839     -0.8516769
      8.7974100     14.6187887      8.7983837     14.6094561     16.1934507     20.1829140      7.5000000     15.5784772     19.9363819     -0.6149735     -0.2465322
      8.9969893     14.9190092      8.9975948     14.9168177     16.6706845     20.7332663      8.0000000     16.5088643     20.6785010     -0.1618203     -0.0547653
      9.1965694     15.2192307      9.1967640     15.2188301     17.1479184     21.2836185      8.5000000     17.1148344     21.2742781     -0.0330841     -0.0093404
