      0.0000000      0.0000000      1.5198000    131.0000000
      0.0000000      0.0000000      1.9308000    145.0000000
      0.0000000      0.0000000      2.4354000    159.0000000
      2.9634000      6.9735000      1.5112000    482.0000000
      2.9959000      7.7920000      1.8521000    497.0000000
      3.0345000      8.7585000      2.2825000    510.0000000
      5.0935000     10.5020000      1.5977000    776.0000000
      5.0108000     10.9715000      1.9967000    789.0000000
      4.9094000     11.5480000      2.4828000    803.0000000
     13.0035000     16.6310000      1.6690000   1094.0000000
     13.2152000     17.1595000      2.0828000   1107.0000000
     13.0035000     16.6310000      1.6690000   1373.0000000
     13.2152000     17.1595000      2.0794000   1386.0000000
     14.3121000     19.4795000      1.6894000   1650.0000000
     14.7229000     20.1865000      2.1486000   1664.0000000
     16.8580000     22.6055000      1.8128000   1927.0000000
     17.7519000     23.2670000      2.3228000   1941.0000000
     18.2942000     24.8530000      1.6750000   2191.0000000
     18.6993000     25.4365000      2.1801000   2204.0000000
