      0.0000000      0.0000000      3.0443000    173.0000000
      3.0820000      9.9490000      2.7951000    524.0000000
      3.9465000     10.0035000      3.3308000    538.0000000
      5.8947000     11.8930000      2.9184000    817.0000000
      7.1267000     12.3245000      3.3645000    830.0000000
     13.4776000     17.8150000      2.6162000   1121.0000000
     13.8078000     18.6385000      3.3456000   1137.0000000
     13.4776000     17.8150000      2.6145000   1400.0000000
     13.8078000     18.6385000      3.3474000   1414.0000000
     15.2322000     21.0620000      2.7682000   1677.0000000
     18.8593000     24.0885000      3.0260000   1954.0000000
     19.2062000     26.1645000      2.8613000   2217.0000000
