      0.0000000      0.0000000      0.6999000     79.0000000
      0.0000000      0.0000000      0.9208000    101.0000000
      0.0000000      0.0000000      1.1971000    116.0000000
      2.3061000      4.8455000      0.5788000    417.0000000
      2.4815000      5.2515000      0.7429000    439.0000000
      2.6917000      5.7375000      0.9619000    454.0000000
      2.9365000      6.3045000      1.1908000    468.0000000
      4.9859000      8.8025000      0.6153000    718.0000000
      5.0942000      9.2530000      0.7980000    733.0000000
      5.2203000      9.7775000      0.9986000    747.0000000
      5.1634000     10.1035000      1.2675000    761.0000000
     10.3925000     15.4605000      0.5295000   1010.0000000
     10.6276000     15.4735000      0.6585000   1024.0000000
     11.0330000     15.6080000      0.8137000   1039.0000000
     11.5281000     15.7735000      0.9718000   1053.0000000
     12.1137000     15.9680000      1.1611000   1067.0000000
     12.8339000     16.2085000      1.3412000   1080.0000000
     10.3925000     15.4605000      0.5295000   1289.0000000
     10.6276000     15.4735000      0.6585000   1303.0000000
     11.0330000     15.6080000      0.8060000   1318.0000000
     11.5281000     15.7735000      0.9755000   1332.0000000
     12.1137000     15.9680000      1.1558000   1346.0000000
     12.8339000     16.2085000      1.3429000   1359.0000000
     13.4649000     18.0965000      0.5449000   1580.0000000
     13.5601000     18.2465000      0.6933000   1595.0000000
     13.6770000     18.4305000      0.8664000   1609.0000000
     13.8142000     18.6480000      1.0828000   1623.0000000
     13.9841000     18.9155000      1.3507000   1636.0000000
     15.4809000     21.5190000      0.5778000   1857.0000000
     15.6029000     21.6210000      0.7317000   1872.0000000
     15.7510000     21.7470000      0.9251000   1886.0000000
     15.9269000     21.8945000      1.1572000   1900.0000000
     16.1431000     22.0775000      1.4479000   1913.0000000
     17.9395000     23.5345000      0.6067000   2134.0000000
     18.0048000     23.7765000      0.7963000   2149.0000000
     18.0844000     24.0720000      1.0112000   2163.0000000
     18.1782000     24.4230000      1.3010000   2177.0000000
