     12.2871132     17.1173153     12.1574745     16.5881672      8.0029194      8.8370637      0.0000000     -2.1861817      2.3688908    -10.1891011     -6.4681729
     12.7347488     17.4990616     12.6265640     16.9512234      8.1002460      8.8192069      0.5000000     -2.4697694      3.6335590    -10.5700154     -5.1856479
     13.1823845     17.8808098     13.0910320     17.4082470      8.1975725      8.8013501      1.0000000     -0.1620762      6.4580033     -8.3596487     -2.3433468
     13.6300201     18.2625561     13.5111837     17.8972912      8.2948991      8.7834933      1.5000000      4.0720660      9.4514447     -4.2228331      0.6679514
     14.0776548     18.6443024     13.8818083     18.3602600      8.3922256      8.7656365      2.0000000      8.7103142     11.5710722      0.3180886      2.8054357
     14.5252905     19.0260506     14.2149925     18.7783775      8.4895522      8.7477798      2.5000000     12.6520599     12.6841236      4.1625077      3.9363438
     14.9729261     19.4077969     14.5373297     19.1698742      8.5868787      8.7299230      3.0000000     15.6012047     13.0644076      7.0143260      4.3344846
     15.4205618     19.7895432     14.9135456     19.5690651      8.6842052      8.7120662      3.5000000     17.1199499     12.8086824      8.4357446      4.0966162
     15.8681965     20.1712914     15.4041080     19.9961853      8.7815318      8.6942094      4.0000000     16.6031257     11.9402296      7.8215939      3.2460202
     16.3158321     20.5530376     15.9898567     20.4409351      8.8788583      8.6763526      4.5000000     14.4338809     10.7542922      5.5550226      2.0779396
     16.7634678     20.9347839     16.5888176     20.8783741      8.9761849      8.6584958      5.0000000     11.9804678      9.7083644      3.0042829      1.0498685
     17.2111034     21.3165321     17.1396103     21.2944241      9.0735114      8.6406391      5.5000000     10.3115489      9.0547854      1.2380375      0.4141463
     17.6587391     21.6982784     17.6362953     21.6915493      9.1708380      8.6227823      6.0000000      9.5609430      8.7498253      0.3901050      0.1270430
     18.1063747     22.0800247     18.1009502     22.0784359      9.2681645      8.6049255      6.5000000      9.3625249      8.6352029      0.0943604      0.0302774
     18.5540104     22.4617729     18.5529976     22.4614811      9.3654910      8.5870687      7.0000000      9.3830719      8.5926763      0.0175808      0.0056076
     19.0016441     22.8435192     19.0014992     22.8434772      9.4628176      8.5692119      7.5000000      9.4653474      8.5700195      0.0025298      0.0008076
     19.4492798     23.2252655     19.4492645     23.2252617      9.5601441      8.5513552      8.0000000      9.5604258      8.5514457      0.0002817      0.0000905
     19.8969154     23.6070137     19.8969135     23.6070118      9.6574707      8.5334984      8.5000000      9.6574950      8.5335063      0.0000243      0.0000079
