      2.4519720      5.0873895      2.2510827      4.6052804      9.0825731     15.2512083      0.0000000     -0.2696323      8.1112818     -9.3522054     -7.1399265
      2.4569659      5.0756326      2.2092402      4.4893560      9.6571555     16.3872208      0.5000000     -0.0482921      7.3667409     -9.7054476     -9.0204799
      2.4619596      5.0638762      2.2296681      4.5092201     10.2317378     17.5232333      1.0000000      2.1696214      8.9096223     -8.0621164     -8.6136110
      2.4669535      5.0521197      2.2898586      4.6482067     10.8063202     18.6592458      1.5000000      5.0136298     12.5774528     -5.7926903     -6.0817930
      2.4719472      5.0403633      2.3500836      4.8222585     11.3809025     19.7952583      2.0000000      7.3134557     17.0212922     -4.0674468     -2.7739660
      2.4769411      5.0286064      2.3922951      4.9561167     11.9554848     20.9312707      2.5000000      8.8996725     20.9431775     -3.0558123      0.0119067
      2.4819348      5.0168500      2.4214153      5.0238404     12.5300672     22.0672832      3.0000000     10.1807588     23.6633998     -2.3493084      1.5961165
      2.4869287      5.0050936      2.4467425      5.0364237     13.1046495     23.2032957      3.5000000     11.4939988     25.1186063     -1.6106507      1.9153106
      2.4919226      4.9933372      2.4701400      5.0190101     13.6792319     24.3393082      4.0000000     12.8117326     25.8009834     -0.8674993      1.4616752
      2.4969163      4.9815803      2.4883084      4.9942961     14.2538142     25.4753207      4.5000000     13.9329576     26.3608258     -0.3208566      0.8855051
      2.5019102      4.9698238      2.5002456      4.9732075     14.8283965     26.6113331      5.0000000     14.8036219     27.1222101     -0.0247746      0.5108770
      2.5069039      4.9580674      2.5081990      4.9568925     15.4029789     27.7473456      5.5000000     15.5081597     28.0668446      0.1051808      0.3194990
      2.5118978      4.9463110      2.5142488      4.9436874     15.9775612     28.8833581      6.0000000     16.1099995     29.0915271      0.1324382      0.2081690
      2.5168915      4.9345541      2.5193479      4.9323621     16.5521436     30.0193706      6.5000000     16.6409791     30.1395219      0.0888355      0.1201513
      2.5218854      4.9227977      2.5241041      4.9220853     17.1267259     31.1553831      7.0000000     17.1463041     31.1939728      0.0195782      0.0385897
      2.5268791      4.9110413      2.5289168      4.9123516     17.7013082     32.2913955      7.5000000     17.6668691     32.2480843     -0.0344391     -0.0433113
      2.5318730      4.8992848      2.5339074      4.9031153     18.2758906     33.4274080      8.0000000     18.2126802     33.2917923     -0.0632104     -0.1356157
      2.5368669      4.8875279      2.5390568      4.8942900     18.8504729     34.5634205      8.5000000     18.7731219     34.3237834     -0.0773510     -0.2396371
