     0.000     0.000    -1.061    -1.514     1.061     1.514     0.318     0.000     0.000     0.000    54.984
     0.000     0.000    -0.750    -0.905     0.750     0.905     0.497    40.000     0.000     0.000    50.344
     0.000     0.000    -0.439    -0.304     0.439     0.304     0.700    79.000     0.000     0.000    34.697
     0.000     0.000    -0.289    -0.030     0.289     0.030     0.921   101.000     0.000     0.000     5.943
     0.000     0.000    -0.217     0.083     0.217    -0.083     1.197   116.000     0.000     0.000   -20.841
     0.000     0.000    -0.148     0.187     0.148    -0.187     1.520   131.000     0.000     0.000   -51.789
     0.000     0.000    -0.101     0.241     0.101    -0.241     1.931   145.000     0.000     0.000   -67.386
     0.000     0.000    -0.062     0.273     0.062    -0.273     2.435   159.000     0.000     0.000   -77.197
     0.000     0.000    -0.030     0.287     0.030    -0.287     3.044   173.000     0.000     0.000   -84.109
     0.000     0.000    -0.004     0.281     0.004    -0.281     3.788   187.000     0.000     0.000   -89.103
     0.000     0.000     0.007     0.237    -0.007    -0.237     4.737   201.000     0.000     0.000   -91.694
     0.000     0.000    -0.010     0.126     0.010    -0.126     5.938   214.000     0.000     0.000   -85.560
     0.000     0.000    -0.019     0.016     0.019    -0.016     7.447   228.000     0.000     0.000   -39.190
     0.000     0.000    -0.025    -0.106     0.025     0.106     9.431   243.000     0.000     0.000    76.818
     2.191     4.212     2.154     4.569     0.036    -0.357     0.267   338.000     0.000     0.000   -84.173
     2.166     4.522     2.523     5.191    -0.357    -0.669     0.416   377.000     0.000     0.000  -118.087
     2.306     4.846     2.915     5.840    -0.609    -0.995     0.579   417.000     0.000     0.000  -121.484
     2.482     5.252     3.144     6.212    -0.662    -0.960     0.743   439.000     0.000     0.000  -124.593
     2.692     5.737     3.315     6.487    -0.623    -0.750     0.962   454.000     0.000     0.000  -129.753
     2.937     6.304     3.484     6.758    -0.548    -0.453     1.191   468.000     0.000     0.000  -140.392
     2.963     6.974     3.673     7.058    -0.710    -0.085     1.511   482.000     0.000     0.000  -173.194
     2.996     7.792     3.885     7.395    -0.889     0.397     1.852   497.000     0.000     0.000   155.971
     3.034     8.758     4.101     7.736    -1.066     1.022     2.283   510.000     0.000     0.000   136.196
     3.082     9.949     4.354     8.137    -1.272     1.812     2.795   524.000     0.000     0.000   125.073
     3.946    10.004     4.628     8.567    -0.681     1.436     3.331   538.000     0.000     0.000   115.369
     5.027    10.072     4.918     9.022     0.109     1.050     3.935   551.000     0.000     0.000    84.061
     6.367    10.159     5.242     9.528     1.125     0.631     4.556   565.000     0.000     0.000    29.293
     8.052    10.268     5.594    10.073     2.458     0.195     5.161   580.000     0.000     0.000     4.526
     4.848     7.835     4.751     8.675     0.096    -0.841     0.215   617.000     0.000     0.000   -83.470
     4.824     8.127     5.153     9.252    -0.328    -1.125     0.342   656.000     0.000     0.000  -106.281
     4.896     8.428     5.576     9.844    -0.680    -1.416     0.477   696.000     0.000     0.000  -115.661
     4.986     8.803     5.838    10.205    -0.852    -1.402     0.615   718.000     0.000     0.000  -121.267
     5.094     9.253     6.054    10.505    -0.959    -1.252     0.798   733.000     0.000     0.000  -127.471
     5.220     9.777     6.272    10.806    -1.052    -1.028     0.999   747.000     0.000     0.000  -135.646
     5.163    10.104     6.525    11.153    -1.361    -1.050     1.268   761.000     0.000     0.000  -142.356
     5.093    10.502     6.821    11.558    -1.727    -1.056     1.598   776.000     0.000     0.000  -148.553
     5.011    10.972     7.135    11.988    -2.125    -1.017     1.997   789.000     0.000     0.000  -154.428
     4.909    11.548     7.510    12.496    -2.601    -0.948     2.483   803.000     0.000     0.000  -159.966
     5.895    11.893     7.874    12.980    -1.979    -1.087     2.918   817.000     0.000     0.000  -151.233
     7.127    12.325     8.241    13.463    -1.114    -1.138     3.365   830.000     0.000     0.000  -134.390
     8.655    12.860     8.610    13.936     0.045    -1.077     3.768   844.000     0.000     0.000   -87.596
     8.655    12.860     9.296    14.844    -0.641    -1.985     4.777   858.000     0.000     0.000  -107.910
    10.023    15.439     8.099    12.897     1.924     2.542     0.320   973.000     0.000     0.000    52.879
    10.191    15.450     8.360    13.184     1.831     2.265     0.410   995.000     0.000     0.000    51.052
    10.393    15.460     8.576    13.423     1.816     2.038     0.529  1010.000     0.000     0.000    48.288
    10.628    15.473     8.792    13.658     1.836     1.816     0.658  1024.000     0.000     0.000    44.684
    11.033    15.608     9.037    13.922     1.996     1.686     0.814  1039.000     0.000     0.000    40.199
    11.528    15.774     9.279    14.176     2.250     1.597     0.972  1053.000     0.000     0.000    35.373
    12.114    15.968     9.544    14.454     2.569     1.514     1.161  1067.000     0.000     0.000    30.508
    12.834    16.209     9.798    14.714     3.036     1.495     1.341  1080.000     0.000     0.000    26.217
    13.004    16.631    10.169    15.096     2.834     1.535     1.669  1094.000     0.000     0.000    28.432
    13.215    17.160    10.598    15.536     2.617     1.624     2.083  1107.000     0.000     0.000    31.814
    13.478    17.815    11.132    16.075     2.345     1.740     2.616  1121.000     0.000     0.000    36.576
    13.808    18.639    11.844    16.781     1.964     1.857     3.346  1137.000     0.000     0.000    43.409
     9.888    15.436     9.813    14.566     0.076     0.870     0.147  1173.000     0.000     0.000    85.033
     9.889    15.433    10.224    14.964    -0.336     0.469     0.230  1212.000     0.000     0.000   125.608
    10.023    15.439    10.650    15.376    -0.627     0.063     0.320  1252.000     0.000     0.000   174.287
    10.191    15.450    10.919    15.637    -0.728    -0.188     0.412  1274.000     0.000     0.000  -165.527
    10.393    15.460    11.148    15.857    -0.755    -0.397     0.529  1289.000     0.000     0.000  -152.281
    10.628    15.473    11.378    16.078    -0.751    -0.604     0.658  1303.000     0.000     0.000  -141.171
    11.033    15.608    11.634    16.321    -0.601    -0.713     0.806  1318.000     0.000     0.000  -130.141
    11.528    15.774    11.901    16.572    -0.373    -0.799     0.976  1332.000     0.000     0.000  -115.026
    12.114    15.968    12.178    16.832    -0.065    -0.864     1.156  1346.000     0.000     0.000   -94.281
    12.834    16.209    12.454    17.088     0.380    -0.880     1.343  1359.000     0.000     0.000   -66.640
    13.004    16.631    12.860    17.460     0.144    -0.829     1.669  1373.000     0.000     0.000   -80.150
    13.215    17.160    13.332    17.888    -0.117    -0.728     2.079  1386.000     0.000     0.000   -99.106
    13.478    17.815    13.925    18.419    -0.447    -0.604     2.615  1400.000     0.000     0.000  -126.531
    13.808    18.639    14.695    19.101    -0.888    -0.463     3.347  1414.000     0.000     0.000  -152.457
    12.337    16.541    12.153    16.945     0.184    -0.404     0.121  1450.000     0.000     0.000   -65.555
    12.319    16.765    12.531    17.343    -0.212    -0.578     0.191  1489.000     0.000     0.000  -110.100
    12.527    17.006    12.915    17.753    -0.388    -0.747     0.265  1529.000     0.000     0.000  -117.457
    12.788    17.309    13.158    18.008    -0.370    -0.698     0.342  1551.000     0.000     0.000  -117.948
    13.100    17.672    13.361    18.213    -0.261    -0.541     0.437  1566.000     0.000     0.000  -115.734
    13.465    18.096    13.568    18.421    -0.103    -0.324     0.545  1580.000     0.000     0.000  -107.619
    13.560    18.247    13.818    18.668    -0.258    -0.421     0.693  1595.000     0.000     0.000  -121.519
    13.677    18.431    14.083    18.924    -0.406    -0.494     0.866  1609.000     0.000     0.000  -129.398
    13.814    18.648    14.386    19.215    -0.571    -0.567     1.083  1623.000     0.000     0.000  -135.244
    13.984    18.916    14.727    19.535    -0.743    -0.620     1.351  1636.000     0.000     0.000  -140.159
    14.312    19.480    15.138    19.919    -0.826    -0.439     1.689  1650.000     0.000     0.000  -152.005
    14.723    20.186    15.657    20.394    -0.934    -0.207     2.149  1664.000     0.000     0.000  -167.472
    15.232    21.062    16.311    20.983    -1.079     0.079     2.768  1677.000     0.000     0.000   175.795
    15.872    22.163    17.222    21.794    -1.350     0.369     3.669  1691.000     0.000     0.000   164.709
    14.269    19.430    14.285    19.419    -0.016     0.010     0.117  1727.000     0.000     0.000   146.699
    14.244    19.734    14.627    19.825    -0.383    -0.091     0.185  1766.000     0.000     0.000  -166.573
    14.469    20.058    14.977    20.248    -0.508    -0.190     0.259  1806.000     0.000     0.000  -159.476
    14.750    20.465    15.202    20.513    -0.452    -0.049     0.342  1828.000     0.000     0.000  -173.861
    15.088    20.952    15.398    20.732    -0.310     0.220     0.448  1843.000     0.000     0.000   144.684
    15.481    21.519    15.604    20.961    -0.123     0.558     0.578  1857.000     0.000     0.000   102.440
    15.603    21.621    15.836    21.217    -0.233     0.404     0.732  1872.000     0.000     0.000   119.964
    15.751    21.747    16.092    21.495    -0.341     0.252     0.925  1886.000     0.000     0.000   143.504
    15.927    21.895    16.377    21.803    -0.450     0.091     1.157  1900.000     0.000     0.000   168.525
    16.143    22.078    16.700    22.148    -0.557    -0.070     1.448  1913.000     0.000     0.000  -172.828
    16.858    22.605    17.087    22.559    -0.229     0.046     1.813  1927.000     0.000     0.000   168.539
    17.752    23.267    17.586    23.083     0.166     0.184     2.323  1941.000     0.000     0.000    47.931
    18.859    24.088    18.228    23.748     0.631     0.341     3.026  1954.000     0.000     0.000    28.359
    20.253    25.122    19.166    24.714     1.087     0.408     4.105  1968.000     0.000     0.000    20.591
    16.755    22.695    16.201    21.980     0.554     0.715     0.126  2004.000     0.000     0.000    52.223
    16.746    22.809    16.512    22.411     0.234     0.398     0.198  2044.000     0.000     0.000    59.574
    16.962    22.940    16.814    22.841     0.148     0.099     0.277  2083.000     0.000     0.000    33.843
    17.234    23.105    17.011    23.117     0.223    -0.012     0.365  2105.000     0.000     0.000    -3.041
    17.560    23.303    17.178    23.346     0.382    -0.043     0.475  2120.000     0.000     0.000    -6.422
    17.939    23.535    17.350    23.583     0.590    -0.049     0.607  2134.000     0.000     0.000    -4.703
    18.005    23.777    17.563    23.876     0.442    -0.099     0.796  2149.000     0.000     0.000   -12.632
    18.084    24.072    17.782    24.179     0.302    -0.107     1.011  2163.000     0.000     0.000   -19.521
    18.178    24.423    18.044    24.543     0.135    -0.120     1.301  2177.000     0.000     0.000   -41.718
    18.294    24.853    18.351    24.975    -0.057    -0.122     1.675  2191.000     0.000     0.000  -114.912
    18.699    25.436    18.725    25.502    -0.026    -0.066     2.180  2204.000     0.000     0.000  -111.598
    19.206    26.165    19.195    26.171     0.012    -0.007     2.861  2217.000     0.000     0.000   -30.036
    19.834    27.069    19.811    27.069     0.023     0.000     3.814  2231.000     0.000     0.000     0.417
    20.623    28.204    20.661    28.336    -0.038    -0.132     5.211  2246.000     0.000     0.000  -105.982
