     -0.9173917     -1.1704197      0.0400074      0.1807274      9.1302038     18.5747864      0.0000000      6.7572066     13.3966385     -2.3729972     -5.1781479
     -1.1430029     -1.7108480     -0.1694837     -0.3576802      9.8021346     20.2964591      0.5000000      7.5129449     14.6296521     -2.2891897     -5.6668070
     -1.3686140     -2.2512763     -0.5957166     -1.1998528     10.4740654     22.0181318      1.0000000      8.8551937     17.1522546     -1.6188717     -4.8658772
     -1.5942250     -2.7917047     -1.1143547     -2.1596138     11.1459962     23.7398045      1.5000000     10.3486098     20.3984121     -0.7973864     -3.3413924
     -1.8198361     -3.3321328     -1.5863060     -3.0404427     11.8179270     25.4614772      2.0000000     11.5870640     23.5472664     -0.2308630     -1.9142108
     -2.0454473     -3.8725612     -1.9560184     -3.7717166     12.4898578     27.1831499      2.5000000     12.4939085     26.1958677      0.0040507     -0.9872822
     -2.2710583     -4.4129896     -2.2438991     -4.3892097     13.1617886     28.9048226      3.0000000     13.2076712     28.3982838      0.0458826     -0.5065389
     -2.4966695     -4.9534178     -2.4900453     -4.9517508     13.8337194     30.6264954      3.5000000     13.8617184     30.3475585      0.0279990     -0.2789369
     -2.7222807     -5.4938459     -2.7209876     -5.4960008     14.5056502     32.3481681      4.0000000     14.5144262     32.1823060      0.0087760     -0.1658621
     -2.9478917     -6.0342746     -2.9477170     -6.0361342     15.1775810     34.0698408      4.5000000     15.1778823     33.9685870      0.0003013     -0.1012538
     -3.1735029     -6.5747027     -3.1735046     -6.5758576     15.8495118     35.7915135      5.0000000     15.8483546     35.7307367     -0.0011572     -0.0607768
     -3.3991141     -7.1151309     -3.3991256     -7.1157975     16.5214426     37.5131862      5.5000000     16.5207460     37.4771781     -0.0006966     -0.0360082
     -3.6247251     -7.6555591     -3.6247306     -7.6559429     17.1933734     39.2348589      6.0000000     17.1930782     39.2134240     -0.0002952     -0.0214349
     -3.8503363     -8.1959877     -3.8503358     -8.1962042     17.8653042     40.9565316      6.5000000     17.8653658     40.9441323      0.0000616     -0.0123993
     -4.0759473     -8.7364159     -4.0759401     -8.7365255     18.5372350     42.6782043      7.0000000     18.5377353     42.6718735      0.0005003     -0.0063309
     -4.3015585     -9.2768440     -4.3015456     -9.2768860     19.2091658     44.3998771      7.5000000     19.2100002     44.3974930      0.0008344     -0.0023841
     -4.5271697     -9.8172722     -4.5271554     -9.8172760     19.8810966     46.1215498      8.0000000     19.8820096     46.1214378      0.0009130     -0.0001120
     -4.7527809    -10.3577003     -4.7527685    -10.3576851     20.5530274     47.8432225      8.5000000     20.5538282     47.8443026      0.0008008      0.0010801
