      9.1378298     13.9138355      9.9667091     14.8495760      8.9873118      8.6040523      0.0000000      0.0130470      8.1023305     -8.9742649     -0.5017217
      9.4959764     14.3093395     11.1394901     15.4640923      9.3671973      8.5687443      0.5000000     -3.8081522      5.3737469    -13.1753494     -3.1949974
      9.8541231     14.7048445     12.2386646     16.0233059      9.7470827      8.5334363      1.0000000     -7.1808118      3.5640224    -16.9278945     -4.9694139
     10.2122698     15.1003485     12.8936405     16.5552158     10.1269681      8.4981283      1.5000000     -6.5715418      3.9697260    -16.6985099     -4.5284023
     10.5704174     15.4958525     13.1271935     17.0537510     10.5068535      8.4628204      2.0000000      0.0462532      6.7541719    -10.4606004     -1.7086485
     10.9285641     15.8913565     13.2434521     17.5121365     10.8867389      8.4275124      2.5000000      9.7737727     11.2939042     -1.1129662      2.8663918
     11.2867107     16.2868614     13.3536091     17.9281960     11.2666243      8.3922044      3.0000000     17.1867820     16.0405591      5.9201576      7.6483547
     11.6448574     16.6823654     13.3298016     18.2332764     11.6465098      8.3568964      3.5000000     19.5593328     18.7074674      7.9128230     10.3505710
     12.0030041     17.0778694     13.1490679     18.3440113     12.0263952      8.3215884      4.0000000     18.2346554     18.0249515      6.2082603      9.7033631
     12.3611517     17.4733734     12.9829359     18.3121319     12.4062806      8.2862804      4.5000000     15.9447827     15.0071521      3.5385021      6.7208716
     12.7192984     17.8688774     12.9849558     18.3050499     12.7861660      8.2509724      5.0000000     14.3484745     11.7752848      1.5623085      3.5243123
     13.0774450     18.2643814     13.1668148     18.4400864     13.1660514      8.2156645      5.5000000     13.7158580      9.6336593      0.5498066      1.4179948
     13.4355917     18.6598854     13.4593172     18.7144985     13.5459369      8.1803565      6.0000000     13.7030384      8.6225772      0.1571015      0.4422207
     13.7937393     19.0553894     13.7987089     19.0684776     13.9258223      8.1450485      6.5000000     13.9630279      8.2531215      0.0372056      0.1080730
     14.1518860     19.4508934     14.1527033     19.4533119     14.3057077      8.1097405      7.0000000     14.3132245      8.1307578      0.0075168      0.0210173
     14.5100327     19.8463974     14.5101366     19.8467407     14.6855931      8.0744325      7.5000000     14.6869319      8.0777618      0.0013388      0.0033293
     14.8681793     20.2419014     14.8681898     20.2419395     15.0654785      8.0391245      8.0000000     15.0656926      8.0395681      0.0002141      0.0004436
     15.2263260     20.6374054     15.2263269     20.6374092     15.4453639      8.0038165      8.5000000     15.4453943      8.0038679      0.0000304      0.0000513
