      0.0000000      0.0000000      0.3182000      0.0000000
      0.0000000      0.0000000      0.4975000     40.0000000
      2.1905000      4.2115000      0.2667000    338.0000000
      2.1659000      4.5215000      0.4160000    377.0000000
      4.8475000      7.8345000      0.2153000    617.0000000
      4.8242000      8.1270000      0.3416000    656.0000000
      4.8960000      8.4280000      0.4772000    696.0000000
     10.0233000     15.4390000      0.3196000    973.0000000
     10.1910000     15.4495000      0.4103000    995.0000000
      9.8882000     15.4355000      0.1472000   1173.0000000
      9.8885000     15.4325000      0.2298000   1212.0000000
     10.0233000     15.4390000      0.3196000   1252.0000000
     10.1910000     15.4495000      0.4124000   1274.0000000
     12.3369000     16.5405000      0.1207000   1450.0000000
     12.3189000     16.7645000      0.1912000   1489.0000000
     12.5269000     17.0065000      0.2646000   1529.0000000
     12.7876000     17.3095000      0.3421000   1551.0000000
     13.1003000     17.6725000      0.4368000   1566.0000000
     14.2687000     19.4295000      0.1170000   1727.0000000
     14.2440000     19.7340000      0.1846000   1766.0000000
     14.4691000     20.0580000      0.2591000   1806.0000000
     14.7500000     20.4645000      0.3419000   1828.0000000
     15.0878000     20.9520000      0.4483000   1843.0000000
     16.7551000     22.6945000      0.1260000   2004.0000000
     16.7459000     22.8085000      0.1975000   2044.0000000
     16.9625000     22.9400000      0.2772000   2083.0000000
     17.2340000     23.1055000      0.3647000   2105.0000000
     17.5597000     23.3035000      0.4753000   2120.0000000
