     15.0597677     20.4541054     14.8655777     20.6680851      6.9844017      9.1996383      0.0000000     16.3495820     21.4210661      9.3651804     12.2214277
     15.4898930     20.8365383     15.2634125     21.1578903      6.7924223      9.2212035      0.5000000     12.2734723     17.7638596      5.4810500      8.5426561
     15.9200172     21.2189713     15.6168814     21.4895134      6.6004429      9.2427688      1.0000000      6.2520361     11.9922147     -0.3484068      2.7494459
     16.3501415     21.6014042     16.0023556     21.7324810      6.4084635      9.2643340      1.5000000      2.6470701      8.2145390     -3.7613935     -1.0497950
     16.7802658     21.9838371     16.4981556     22.0194416      6.2164842      9.2858992      2.0000000      3.3629629      7.8495585     -2.8535213     -1.4363407
     17.2103920     22.3662701     17.0720005     22.3908195      6.0245048      9.3074644      2.5000000      6.5364335      9.2058299      0.5119287     -0.1016345
     17.6405163     22.7487030     17.6348782     22.8016586      5.8325254      9.3290296      3.0000000      9.5896504     10.4226174      3.7571250      1.0935878
     18.0706406     23.1311359     18.1457634     23.2068005      5.6405460      9.3505948      3.5000000     11.4486117     10.9586203      5.8080657      1.6080255
     18.5007648     23.5135689     18.6114655     23.5905724      5.4485667      9.3721601      4.0000000     11.9195277     10.9554507      6.4709610      1.5832906
     18.9308891     23.8960018     19.0420265     23.9563828      5.2565873      9.3937253      4.5000000     10.9804035     10.6270070      5.7238163      1.2332818
     19.3610153     24.2784348     19.4463902     24.3157787      5.0646079      9.4152905      5.0000000      9.0790178     10.1919786      4.0144098      0.7766881
     19.7911396     24.6608677     19.8416862     24.6792221      4.8726285      9.4368557      5.5000000      7.0839027      9.8326170      2.2112742      0.3957613
     20.2212639     25.0433006     20.2443199     25.0504951      4.6806492      9.4584209      6.0000000      5.6328489      9.6211030      0.9521997      0.1626820
     20.6513882     25.4257336     20.6595020     25.4279842      4.4886698      9.4799861      6.5000000      4.8087626      9.5336037      0.3200928      0.0536176
     21.0815125     25.8081665     21.0837212     25.8087273      4.2966904      9.5015514      7.0000000      4.3806723      9.5156075      0.0839819      0.0140562
     21.5116386     26.1905994     21.5121040     26.1907101      4.1047110      9.5231166      7.5000000      4.1219078      9.5260253      0.0171968      0.0029087
     21.9417629     26.5730324     21.9418392     26.5730495      3.9127317      9.5446818      8.0000000      3.9154797      9.5451541      0.0027481      0.0004723
     22.3718872     26.9554653     22.3718967     26.9554672      3.7207523      9.5662470      8.5000000      3.7210949      9.5663070      0.0003426      0.0000599
