     17.4555702     23.9250469     17.6010513     23.8859940      5.9658839      9.5622130      0.0000000      0.3863092      9.8781275     -5.5795747      0.3159145
     17.7611408     24.3227539     17.8367577     24.2535877      5.4845986      9.6232002      0.5000000     -0.0354138     10.3655723     -5.5200123      0.7423721
     18.0667114     24.7204590     18.0410404     24.6314716      5.0033133      9.6841874      1.0000000      1.5771543     10.7881397     -3.4261590      1.1039522
     18.3722820     25.1181641     18.2992649     25.0328236      4.5220280      9.7451746      1.5000000      3.6231024     10.9049111     -0.8989256      1.1597364
     18.6778526     25.5158691     18.6299419     25.4543781      4.0407427      9.8061618      2.0000000      4.4793577     10.7066945      0.4386150      0.9005327
     18.9834251     25.9135742     18.9794197     25.8815689      3.5594574      9.8671491      2.5000000      4.0921481     10.4020034      0.5326907      0.5348543
     19.2889957     26.3112793     19.3058968     26.3008423      3.0781721      9.9281363      3.0000000      3.3083788     10.1626613      0.2302067      0.2345250
     19.5945663     26.7089844     19.6100941     26.7015686      2.5968868      9.9891235      3.5000000      2.6234480      9.9768459      0.0265612     -0.0122776
     19.9001369     27.1066895     19.9034328     27.0764694      2.1156015     10.0501107      4.0000000      2.0318214      9.7501304     -0.0837801     -0.2999803
     20.2057076     27.5043945     20.1918736     27.4319210      1.6343162     10.1110979      4.5000000      1.4498108      9.4798921     -0.1845054     -0.6312058
     20.5112782     27.9020996     20.4825554     27.7922249      1.1530309     10.1720851      5.0000000      0.8915293      9.2969610     -0.2615017     -0.8751242
     20.8168488     28.2998047     20.7831535     28.1818485      0.6717456     10.2330724      5.5000000      0.4011125      9.3371982     -0.2706332     -0.8958742
     21.1224194     28.6975098     21.0945778     28.6032753      0.1904604     10.2940596      6.0000000     -0.0212526      9.5957579     -0.2117129     -0.6983017
     21.4279900     29.0952148     21.4108124     29.0378857     -0.2908249     10.3550468      6.5000000     -0.4180961      9.9355665     -0.1272712     -0.4194803
     21.7335606     29.4929199     21.7254620     29.4660625     -0.7721102     10.4160340      7.0000000     -0.8313459     10.2207713     -0.0592356     -0.1952627
     22.0391312     29.8906250     22.0361843     29.8808804     -1.2533955     10.4770212      7.5000000     -1.2748112     10.4064077     -0.0214156     -0.0706135
     22.3447018     30.2883301     22.3438702     30.2855854     -1.7346808     10.5380084      8.0000000     -1.7407036     10.5181448     -0.0060228     -0.0198637
     22.6502724     30.6860352     22.6500893     30.6854343     -2.2159661     10.5989957      8.5000000     -2.2172846     10.5946465     -0.0013184     -0.0043491
