     0.000     0.000     0.318     0.000
     0.000     0.000     0.497    40.000
     0.000     0.000     0.700    79.000
     0.000     0.000     0.921   101.000
     0.000     0.000     1.197   116.000
     0.000     0.000     1.520   131.000
     0.000     0.000     1.931   145.000
     0.000     0.000     2.435   159.000
     0.000     0.000     3.044   173.000
     0.000     0.000     3.788   187.000
     0.000     0.000     4.737   201.000
     0.000     0.000     5.938   214.000
     0.000     0.000     7.447   228.000
     0.000     0.000     9.431   243.000
     2.191     4.212     0.267   338.000
     2.166     4.522     0.416   377.000
     2.306     4.846     0.579   417.000
     2.482     5.252     0.743   439.000
     2.692     5.737     0.962   454.000
     2.937     6.304     1.191   468.000
     2.963     6.974     1.511   482.000
     2.996     7.792     1.852   497.000
     3.034     8.758     2.283   510.000
     3.082     9.949     2.795   524.000
     3.946    10.004     3.331   538.000
     5.027    10.072     3.935   551.000
     6.367    10.159     4.556   565.000
     8.052    10.268     5.161   580.000
     4.848     7.835     0.215   617.000
     4.824     8.127     0.342   656.000
     4.896     8.428     0.477   696.000
     4.986     8.803     0.615   718.000
     5.094     9.253     0.798   733.000
     5.220     9.777     0.999   747.000
     5.163    10.104     1.268   761.000
     5.093    10.502     1.598   776.000
     5.011    10.972     1.997   789.000
     4.909    11.548     2.483   803.000
     5.895    11.893     2.918   817.000
     7.127    12.325     3.365   830.000
     8.655    12.860     3.768   844.000
     8.655    12.860     4.777   858.000
    10.023    15.439     0.320   973.000
    10.191    15.450     0.410   995.000
    10.393    15.460     0.529  1010.000
    10.628    15.473     0.658  1024.000
    11.033    15.608     0.814  1039.000
    11.528    15.774     0.972  1053.000
    12.114    15.968     1.161  1067.000
    12.834    16.209     1.341  1080.000
    13.004    16.631     1.669  1094.000
    13.215    17.160     2.083  1107.000
    13.478    17.815     2.616  1121.000
    13.808    18.639     3.346  1137.000
     9.888    15.436     0.147  1173.000
     9.889    15.433     0.230  1212.000
    10.023    15.439     0.320  1252.000
    10.191    15.450     0.412  1274.000
    10.393    15.460     0.529  1289.000
    10.628    15.473     0.658  1303.000
    11.033    15.608     0.806  1318.000
    11.528    15.774     0.976  1332.000
    12.114    15.968     1.156  1346.000
    12.834    16.209     1.343  1359.000
    13.004    16.631     1.669  1373.000
    13.215    17.160     2.079  1386.000
    13.478    17.815     2.615  1400.000
    13.808    18.639     3.347  1414.000
    12.337    16.541     0.121  1450.000
    12.319    16.765     0.191  1489.000
    12.527    17.006     0.265  1529.000
    12.788    17.309     0.342  1551.000
    13.100    17.672     0.437  1566.000
    13.465    18.096     0.545  1580.000
    13.560    18.247     0.693  1595.000
    13.677    18.431     0.866  1609.000
    13.814    18.648     1.083  1623.000
    13.984    18.916     1.351  1636.000
    14.312    19.480     1.689  1650.000
    14.723    20.186     2.149  1664.000
    15.232    21.062     2.768  1677.000
    15.872    22.163     3.669  1691.000
    14.269    19.430     0.117  1727.000
    14.244    19.734     0.185  1766.000
    14.469    20.058     0.259  1806.000
    14.750    20.465     0.342  1828.000
    15.088    20.952     0.448  1843.000
    15.481    21.519     0.578  1857.000
    15.603    21.621     0.732  1872.000
    15.751    21.747     0.925  1886.000
    15.927    21.895     1.157  1900.000
    16.143    22.078     1.448  1913.000
    16.858    22.605     1.813  1927.000
    17.752    23.267     2.323  1941.000
    18.859    24.088     3.026  1954.000
    20.253    25.122     4.105  1968.000
    16.755    22.695     0.126  2004.000
    16.746    22.809     0.198  2044.000
    16.962    22.940     0.277  2083.000
    17.234    23.105     0.365  2105.000
    17.560    23.303     0.475  2120.000
    17.939    23.535     0.607  2134.000
    18.005    23.777     0.796  2149.000
    18.084    24.072     1.011  2163.000
    18.178    24.423     1.301  2177.000
    18.294    24.853     1.675  2191.000
    18.699    25.436     2.180  2204.000
    19.206    26.165     2.861  2217.000
    19.834    27.069     3.814  2231.000
    20.623    28.204     5.211  2246.000
  nobs=         110
  obs xmin/max=  0.000000000000000E+000   20.6235000000000     
  obs ymin/max=  0.000000000000000E+000   28.2040000000000     
  obs zmin/max=  0.117000000000000        9.43090000000000     
  obs tmin/max=  0.000000000000000E+000   2246.00000000000     
  dt=   74.0000000000000        2246.01000000000     
  b=
 -0.9173917E+00  0.2050653E+02
  0.1760981E+02  0.1323862E+02
 -0.5429614E+01  0.5068979E+02
  0.2346557E+02 -0.9294370E+01
  var=   1.06905563313106     
  b=
 -0.1170420E+01  0.4171916E+02
  0.2417409E+02  0.2153407E+02
 -0.1197899E+02  0.1190570E+03
  0.3216064E+02  0.2439812E+02
  var=  0.789723423094993     
  sig=   6.96824049252226       2.251897271171130E-007   30943864.8988563     
  sig=   5.14751764469601       1.663501846614836E-007   30943864.9266967     
 loop=           1         110  6.361946737936389E-002
  rms=  6.361946737936389E-002   1.03395146555874       0.888663841446805     
