KLIX 2011  3  9 10 28 16     0.560   -13.500  1000.000  30.22510 -90.06635   0.73822   26306.3     241.8  652809.9 -491992.5     335.2     229.6       0.0       0.0
KLIX 2011  3  9 10 28 56     0.950   -20.500  1000.000  30.22510 -90.06635   1.12874   26309.2     241.8  652809.9 -491992.5     514.5     229.6       0.0       0.0
KLIX 2011  3  9 10 29 35     1.390    -9.200  1000.000  30.22510 -90.06635   1.56936   26314.0     241.8  652809.9 -491992.5     716.9     229.6       0.0       0.0
KLIX 2011  3  9 10 29 57     1.870   -13.800  1000.000  30.22510 -90.06635   2.05002   26321.0     241.8  652809.9 -491992.5     937.8     413.4       0.0       0.0
KLIX 2011  3  9 10 30 12     2.470   -22.100  1000.000  30.22510 -90.06635   2.65082   26332.3     241.8  652809.9 -491992.5    1214.1     413.6       0.0       0.0
KLIX 2011  3  9 10 30 27     3.170   -25.400  1000.000  30.22510 -90.06635   3.35177   26349.2     241.8  652809.9 -491992.5    1536.8     459.9       0.0       0.0
KLIX 2011  3  9 10 30 41     4.060   -27.900  1000.000  30.22510 -90.06635   4.24302   26376.4     241.8  652809.9 -491992.5    1947.8     506.4       0.0       0.0
KLIX 2011  3  9 10 30 55     5.150   -30.400  1000.000  30.22510 -90.06635   5.33455   26418.6     241.8  652809.9 -491992.5    2452.4     461.1       0.0       0.0
KLIX 2011  3  9 10 31  9     6.460   -28.900  1000.000  30.22510 -90.06635   6.64631   26482.1     241.8  652809.9 -491992.5    3061.3     508.4       0.0       0.0
KLIX 2011  3  9 10 31 23     8.050   -28.000  1000.000  30.22510 -90.06635   8.23827   26578.4     241.8  652809.9 -491992.5    3804.8     463.9       0.0       0.0
KLIX 2011  3  9 10 31 37    10.060   -27.600  1000.000  30.22510 -90.06635  10.25154   26730.9     241.8  652809.9 -491992.5    4753.5     513.2       0.0       0.0
KLIX 2011  3  9 10 31 50    12.570   -21.900  1000.000  30.22510 -90.06635  12.76484   26970.7     241.8  652809.9 -491992.5    5955.4     423.7       0.0       0.0
KLIX 2011  3  9 10 32  4    15.650   -22.200  1000.000  30.22510 -90.06635  15.84882   27343.6     241.8  652809.9 -491992.5    7463.9     429.5       0.0       0.0
KLIX 2011  3  9 10 32 19    19.560   -14.200  1000.000  30.22510 -90.06635  19.76420   27950.7     241.8  652809.9 -491992.5    9447.9     487.8       0.0       0.0
KLIX 2011  3  9 10 33 54     0.560    -6.400  1000.000  30.26200 -90.03965   0.71072   22233.1     248.0  655000.4 -487781.0     283.7     194.0       0.0       0.0
KLIX 2011  3  9 10 34 33     0.950    -9.700  1000.000  30.26486 -90.03965   1.10049   22117.8     248.8  654975.8 -487471.0     433.0     193.0       0.0       0.0
KLIX 2011  3  9 10 35 13     1.390    -7.800  1000.000  30.26772 -90.03790   1.53926   21850.2     249.4  655116.0 -487147.0     595.8     190.7       0.0       0.0
KLIX 2011  3  9 10 35 35     1.850   -10.200  1000.000  30.27130 -90.03570   1.99762   21519.4     250.2  655291.4 -486741.0     759.9     375.6       0.0       0.0
KLIX 2011  3  9 10 35 50     2.480   -10.000  1000.000  30.27559 -90.03307   2.62581   21131.4     251.2  655501.6 -486255.0     978.9     331.9       0.0       0.0
KLIX 2011  3  9 10 36  4     3.170   -10.800  1000.000  30.28060 -90.03000   3.31372   20689.2     252.4  655746.4 -485688.0    1207.8     325.0       0.0       0.0
KLIX 2011  3  9 10 36 18     4.110   -12.200  1000.000  30.28670 -90.02915   4.25313   20436.4     254.1  655773.3 -485019.0    1528.2     321.0       0.0       0.0
KLIX 2011  3  9 10 36 33     5.140   -11.000  1000.000  30.29415 -90.02812   5.28247   20157.2     256.3  655805.8 -484200.5    1869.1     351.8       0.0       0.0
KLIX 2011  3  9 10 36 46     6.460   -15.900  1000.000  30.30296 -90.02690   6.60189   19877.9     259.0  655844.4 -483234.0    2299.5     346.9       0.0       0.0
KLIX 2011  3  9 10 37  0     8.060   -15.400  1000.000  30.31380 -90.02540   8.20180   19607.3     262.4  655891.9 -482043.5    2812.1     342.2       0.0       0.0
KLIX 2011  3  9 10 37 14    10.050   -19.400  1000.000  30.31368 -90.01620  10.18866   18830.7     262.0  656756.4 -481989.0    3347.8     328.7       0.0       0.0
KLIX 2011  3  9 10 37 27    12.570   -21.400  1000.000  30.31353 -90.00470  12.70492   17882.2     261.4  657836.8 -481920.0    3951.9     343.3       0.0       0.0
KLIX 2011  3  9 10 37 41    15.660   -21.600  1000.000  30.31334 -89.99044  15.79046   16727.1     260.6  659176.4 -481833.5    4573.4     291.9       0.0       0.0
KLIX 2011  3  9 10 37 56    19.560   -24.600  1000.000  30.31310 -89.97250  19.68386   15299.1     259.4  660861.8 -481725.0    5178.0     267.0       0.0       0.0
KLIX 2011  3  9 10 38 33     0.550     1.000  1000.000  30.29320 -90.00848   0.67404   18275.2     254.6  657657.4 -484158.0     232.3     159.5       0.0       0.0
KLIX 2011  3  9 10 39 12     0.950    -8.800  1000.000  30.29589 -90.00848   1.07402   18199.4     255.5  657634.1 -483865.5     358.6     127.1       0.0       0.0
KLIX 2011  3  9 10 39 52     1.390   -10.500  1000.000  30.29858 -90.00747   1.51353   18034.8     256.3  657705.9 -483564.5     494.2     157.4       0.0       0.0
KLIX 2011  3  9 10 40 14     1.850    -9.000  1000.000  30.30195 -90.00620   1.97280   17835.1     257.4  657795.8 -483190.0     632.3     311.3       0.0       0.0
KLIX 2011  3  9 10 40 29     2.470    -8.800  1000.000  30.30599 -90.00468   2.59203   17605.8     258.7  657904.1 -482739.5     815.0     307.3       0.0       0.0
KLIX 2011  3  9 10 40 43     3.170    -7.000  1000.000  30.31070 -90.00290   3.29122   17352.6     260.3  658030.2 -482215.0    1015.6     272.6       0.0       0.0
KLIX 2011  3  9 10 40 57     4.060    -5.800  1000.000  30.31371 -90.00323   4.18229   17347.7     261.4  657973.3 -481889.0    1284.5     302.8       0.0       0.0
KLIX 2011  3  9 10 41 12     5.150    -6.800  1000.000  30.31739 -90.00363   5.27367   17356.6     262.8  657903.4 -481490.5    1614.7     302.9       0.0       0.0
KLIX 2011  3  9 10 41 25     6.460    -8.000  1000.000  30.32174 -90.00411   6.58517   17389.1     264.4  657820.7 -481021.0    2013.7     303.5       0.0       0.0
KLIX 2011  3  9 10 41 39     8.040   -10.000  1000.000  30.32710 -90.00470   8.16765   17458.9     266.4  657719.3 -480444.5    2499.8     274.2       0.0       0.0
KLIX 2011  3  9 10 41 53    10.050   -16.100  1000.000  30.32953 -89.99397  10.17353   16497.7     267.1  658704.6 -480099.5    2935.4     287.9       0.0       0.0
KLIX 2011  3  9 10 42  6    12.550   -17.600  1000.000  30.33258 -89.98056  12.66792   15310.4     268.2  659936.6 -479668.0    3381.5     267.2       0.0       0.0
KLIX 2011  3  9 10 42 20    15.630   -20.100  1000.000  30.33635 -89.96392  15.74164   13852.1     269.7  661464.9 -479133.0    3784.6     241.8       0.0       0.0
KLIX 2011  3  9 10 42 34    19.560   -20.900  1000.000  30.33635 -89.96392  19.67717   14159.4     269.7  661464.9 -479133.0    4794.2     271.8       0.0       0.0
KLIX 2011  3  9 10 44 29     1.390    -5.700  1000.000  30.35894 -89.94724   1.47272   11984.7     281.8  662833.2 -476553.5     336.6     104.6       0.0       0.0
KLIX 2011  3  9 10 44 51     1.850     7.500  1000.000  30.35890 -89.94545   1.93221   11818.9     281.9  663000.9 -476543.0     427.3     185.7       0.0       0.0
KLIX 2011  3  9 10 45  6     2.470    10.800  1000.000  30.35885 -89.94331   2.55171   11621.4     282.1  663202.4 -476532.0     546.5     223.1       0.0       0.0
KLIX 2011  3  9 10 45 20     3.170    11.800  1000.000  30.35880 -89.94080   3.25110   11392.3     282.3  663437.5 -476519.0     675.5     218.7       0.0       0.0
KLIX 2011  3  9 10 45 35     4.090     1.000  1000.000  30.35974 -89.93639   4.16971   11013.5     283.3  663842.9 -476384.5     830.7     192.2       0.0       0.0
KLIX 2011  3  9 10 45 49     5.130     1.800  1000.000  30.36088 -89.93101   5.20796   10557.0     284.7  664338.0 -476219.0     988.8     184.3       0.0       0.0
KLIX 2011  3  9 10 46  3     6.490     3.200  1000.000  30.36223 -89.92464   6.56614   10030.1     286.4  664923.6 -476024.5    1178.1     175.1       0.0       0.0
KLIX 2011  3  9 10 46 16     8.040    -2.000  1000.000  30.36390 -89.91680   8.11382    9397.2     288.8  665643.8 -475784.0    1358.2     164.0       0.0       0.0
KLIX 2011  3  9 10 46 30    10.060    -1.800  1000.000  30.36764 -89.91464  10.13628    9398.7     291.6  665813.4 -475361.5    1686.0     164.0       0.0       0.0
KLIX 2011  3  9 10 46 43    12.560     0.200  1000.000  30.37231 -89.91195  12.63974    9450.0     295.2  666025.1 -474833.0    2099.8     164.9       0.0       0.0
KLIX 2011  3  9 10 46 57    15.650    -1.500  1000.000  30.37811 -89.90861  15.73390    9592.7     299.7  666287.5 -474177.5    2633.2     167.4       0.0       0.0
KLIX 2011  3  9 10 47 13    19.560    -4.000  1000.000  30.38540 -89.90440  19.64979    9904.7     305.3  666617.7 -473354.0    3362.6     172.9       0.0       0.0
KLIX 2011  3  9 10 47 49     0.560    -2.200  1000.000  30.35900 -89.94867   0.64253   12117.6     281.7  662698.1 -476557.0     164.2     126.9       0.0       0.0
KLIX 2011  3  9 10 48 28     0.950    -4.500  1000.000  30.35897 -89.94867   1.03304   12118.2     281.7  662698.4 -476560.0     246.8     105.8       0.0       0.0
KLIX 2011  3  9 10 49  8     1.390    -4.500  1000.000  30.35894 -89.94724   1.47272   11984.7     281.8  662833.2 -476553.5     336.6     104.6       0.0       0.0
KLIX 2011  3  9 10 49 30     1.860     3.800  1000.000  30.35890 -89.94545   1.94224   11819.0     281.9  663000.9 -476543.0     429.4     206.3       0.0       0.0
KLIX 2011  3  9 10 49 45     2.470    -0.200  1000.000  30.35885 -89.94331   2.55171   11621.4     282.1  663202.4 -476532.0     546.5     202.8       0.0       0.0
KLIX 2011  3  9 10 49 59     3.170    -0.200  1000.000  30.35880 -89.94080   3.25110   11392.3     282.3  663437.5 -476519.0     675.5     198.8       0.0       0.0
KLIX 2011  3  9 10 50 14     4.050     0.800  1000.000  30.35974 -89.93639   4.12967   11012.9     283.3  663842.9 -476384.5     823.0     192.2       0.0       0.0
KLIX 2011  3  9 10 50 28     5.150    -0.800  1000.000  30.36088 -89.93101   5.22804   10557.3     284.7  664338.0 -476219.0     992.5     184.3       0.0       0.0
KLIX 2011  3  9 10 50 42     6.460    -0.800  1000.000  30.36223 -89.92464   6.53615   10029.5     286.4  664923.6 -476024.5    1172.8     192.6       0.0       0.0
KLIX 2011  3  9 10 50 55     8.050    -8.000  1000.000  30.36390 -89.91680   8.12366    9397.4     288.8  665643.8 -475784.0    1359.9     164.0       0.0       0.0
KLIX 2011  3  9 10 51  9    10.060    -7.600  1000.000  30.36764 -89.91464  10.13628    9398.7     291.6  665813.4 -475361.5    1686.0     164.0       0.0       0.0
KLIX 2011  3  9 10 51 22    12.540    -5.900  1000.000  30.37231 -89.91195  12.61977    9449.3     295.2  666025.1 -474833.0    2096.4     164.9       0.0       0.0
KLIX 2011  3  9 10 51 36    15.640    -6.400  1000.000  30.37811 -89.90861  15.72378    9592.2     299.7  666287.5 -474177.5    2631.5     150.7       0.0       0.0
KLIX 2011  3  9 10 51 50    19.570    -6.500  1000.000  30.38540 -89.90440  19.66013    9905.3     305.3  666617.7 -473354.0    3364.4     155.6       0.0       0.0
KLIX 2011  3  9 10 52 26     0.550    -6.500  1000.000  30.36730 -89.92178   0.61737    9879.9     290.0  665146.8 -475452.0     137.7      69.0       0.0       0.0
KLIX 2011  3  9 10 53  5     0.950    -0.200  1000.000  30.36936 -89.92178   1.01849    9961.3     291.2  665128.8 -475228.0     208.2     104.3       0.0       0.0
KLIX 2011  3  9 10 53 45     1.390    -1.000  1000.000  30.37142 -89.91937   1.45822    9834.5     292.9  665336.8 -474986.0     281.6      85.8       0.0       0.0
KLIX 2011  3  9 10 54  7     1.870    -3.500  1000.000  30.37400 -89.91635   1.93788    9688.6     295.2  665597.5 -474683.0     359.1     169.1       0.0       0.0
KLIX 2011  3  9 10 54 22     2.470     6.800  1000.000  30.37709 -89.91273   2.53766    9534.7     297.9  665910.2 -474320.0     453.8     166.4       0.0       0.0
KLIX 2011  3  9 10 54 36     3.170     3.000  1000.000  30.38070 -89.90850   3.23756    9385.3     301.3  666274.8 -473896.0     561.9     163.8       0.0       0.0
KLIX 2011  3  9 10 54 51     4.080     4.500  1000.000  30.38200 -89.90736   4.14875    9378.6     302.4  666370.0 -473746.0     710.3     163.7       0.0       0.0
KLIX 2011  3  9 10 55  5     5.140     6.700  1000.000  30.38360 -89.90597   5.21009    9377.0     303.7  666486.9 -473562.0     883.4     180.0       0.0       0.0
KLIX 2011  3  9 10 55 19     6.460     2.200  1000.000  30.38548 -89.90433   6.53211    9388.0     305.3  666624.1 -473344.5    1099.8     163.9       0.0       0.0
KLIX 2011  3  9 10 55 32     8.080    -0.500  1000.000  30.38780 -89.90230   8.15375    9418.0     307.3  666794.0 -473077.0    1367.7     147.9       0.0       0.0
KLIX 2011  3  9 10 55 46    10.050     2.400  1000.000  30.39272 -89.89834  10.12696    9524.0     311.4  667122.0 -472513.0    1706.4     182.8       0.0       0.0
KLIX 2011  3  9 10 56  0    12.570     0.800  1000.000  30.39887 -89.89338  12.65148    9743.2     316.4  667532.8 -471806.0    2165.6     170.1       0.0       0.0
KLIX 2011  3  9 10 56 13    15.660    -3.500  1000.000  30.40650 -89.88723  15.74759   10146.6     322.3  668042.1 -470930.5    2785.2     194.8       0.0       0.0
KLIX 2011  3  9 10 56 27    19.560     0.200  1000.000  30.41610 -89.87950  19.65587   10865.4     329.3  668681.9 -469829.0    3685.6     189.6       0.0       0.0
KLIX 2011  3  9 10 57  3     0.560     1.200  1000.000  30.39230 -89.89884   0.62402    9381.7     311.0  667078.6 -472563.0     134.0      81.9       0.0       0.0
KLIX 2011  3  9 10 57 42     0.950    -0.500  1000.000  30.39510 -89.89884   1.01596    9589.5     312.4  667053.9 -472258.5     201.6      83.7       0.0       0.0
KLIX 2011  3  9 10 58 22     1.390    -2.200  1000.000  30.39790 -89.89618   1.45679    9620.5     314.8  667279.0 -471934.5     276.1      84.0       0.0       0.0
KLIX 2011  3  9 10 58 44     1.870    -2.800  1000.000  30.40140 -89.89285   1.93783    9683.2     317.7  667559.9 -471528.0     358.9     169.0       0.0       0.0
KLIX 2011  3  9 10 58 59     2.470     0.200  1000.000  30.40560 -89.88885   2.53938    9793.1     321.2  667897.7 -471040.5     465.3     170.9       0.0       0.0
KLIX 2011  3  9 10 59 13     3.170     4.400  1000.000  30.41050 -89.88420   3.24152    9968.5     325.2  668290.8 -470473.5     594.8     174.0       0.0       0.0
KLIX 2011  3  9 10 59 28     4.050     4.400  1000.000  30.41134 -89.88282   4.12272    9981.2     326.2  668412.8 -470371.5     748.7     191.6       0.0       0.0
KLIX 2011  3  9 10 59 42     5.150     7.500  1000.000  30.41238 -89.88114   5.22430   10004.6     327.3  668560.9 -470245.5     942.1     157.2       0.0       0.0
KLIX 2011  3  9 10 59 56     6.460    13.000  1000.000  30.41360 -89.87915   6.53615   10041.8     328.6  668736.8 -470098.0    1174.2     175.3       0.0       0.0
KLIX 2011  3  9 11  0  9     8.080     5.700  1000.000  30.41510 -89.87670   8.15839   10103.2     330.3  668953.0 -469915.0    1464.9     176.3       0.0       0.0
KLIX 2011  3  9 11  0 23    10.040     7.900  1000.000  30.41941 -89.86867  10.12173   10235.3     335.4  669667.9 -469387.0    1829.8     178.6       0.0       0.0
KLIX 2011  3  9 11  0 37    12.570     2.600  1000.000  30.42480 -89.85862  12.65676   10538.5     341.7  670561.8 -468725.5    2339.8     183.9       0.0       0.0
KLIX 2011  3  9 11  0 50    15.630     4.400  1000.000  30.43149 -89.84617  15.72378   11117.3     349.1  671669.2 -467904.0    3043.0     194.0       0.0       0.0
KLIX 2011  3  9 11  1  4    19.560     8.900  1000.000  30.43990 -89.83050  19.66439   12163.4     357.4  673062.8 -466870.5    4122.4     212.3       0.0       0.0
KLIX 2011  3  9 11  1 40     0.560     2.000  1000.000  30.42030 -89.86968   0.62964   10206.9     335.2  669565.0 -469298.0     143.0      71.3       0.0       0.0
KLIX 2011  3  9 11  2 20     0.950     1.800  1000.000  30.42135 -89.86968   1.02089   10313.7     335.4  669555.8 -469184.0     214.5      90.0       0.0       0.0
KLIX 2011  3  9 11  2 59     1.390     4.800  1000.000  30.42239 -89.86727   1.46154   10328.2     336.9  669772.4 -469052.5     294.2      90.1       0.0       0.0
KLIX 2011  3  9 11  3 21     1.870     3.800  1000.000  30.42370 -89.86425   1.94241   10355.9     338.7  670043.9 -468887.0     381.7     198.8       0.0       0.0
KLIX 2011  3  9 11  3 36     2.470     4.800  1000.000  30.42527 -89.86063   2.54351   10403.5     340.8  670369.6 -468689.0     492.3     181.6       0.0       0.0
KLIX 2011  3  9 11  3 50     3.170     4.500  1000.000  30.42710 -89.85640   3.24496   10478.4     343.3  670749.4 -468458.0     623.7     182.9       0.0       0.0
KLIX 2011  3  9 11  4  5     4.120     4.500  1000.000  30.42927 -89.85550   4.19763   10697.5     344.1  670814.7 -468216.0     813.3     205.4       0.0       0.0
KLIX 2011  3  9 11  4 19     5.140     9.000  1000.000  30.43192 -89.85440   5.22079   10970.2     345.0  670894.3 -467920.5    1028.2     172.3       0.0       0.0
KLIX 2011  3  9 11  4 33     6.460    10.500  1000.000  30.43505 -89.85310   6.54480   11304.4     346.1  670988.1 -467569.5    1318.0     217.0       0.0       0.0
KLIX 2011  3  9 11  4 47     8.060    12.200  1000.000  30.43890 -89.85150   8.14970   11730.9     347.4  671104.1 -467139.5    1692.0     204.7       0.0       0.0
KLIX 2011  3  9 11  5  0    10.090     2.500  1000.000  30.44393 -89.84670  10.18517   12263.8     350.1  671509.2 -466556.0    2197.1     214.0       0.0       0.0
KLIX 2011  3  9 11  5 13    12.570     1.200  1000.000  30.45021 -89.84070  12.67262   12994.6     353.2  672016.1 -465828.0    2878.3     226.8       0.0       0.0
KLIX 2011  3  9 11  5 27    15.650     7.500  1000.000  30.45800 -89.83326  15.76248   14004.3     356.6  672643.6 -464923.5    3830.6     244.4       0.0       0.0
KLIX 2011  3  9 11  5 42    19.560    12.000  1000.000  30.46780 -89.82390  19.68508   15447.5       0.4  673433.4 -463788.5    5228.0     269.6       0.0       0.0
