Volume Start Time  Elevation  Lat  Lon
  0.5  34.170499999999997  -98.965000000000003
  0.90000000000000002  34.171299999999995  -98.965000000000003
  1.3  34.1721  -98.959000000000003
  1.8  34.173099999999998  -98.95150000000001
  2.3999999999999999  34.174299999999995  -98.942499999999995
  3.1000000000000001  34.175699999999999  -98.932000000000002
  4.0  34.175736734693878  -98.93460816326531
  5.0999999999999996  34.175781632653063  -98.937795918367357
  6.4000000000000004  34.175834693877547  -98.941563265306129
  8.0  34.175899999999999  -98.946200000000005
  10.0  34.179917391304343  -98.946008695652182
  12.5  34.184939130434778  -98.94576956521739
  15.6  34.191166086956521  -98.945473043478259
  19.5  34.198999999999998  -98.945099999999996
  0.5  34.186  -98.908769230769238
  0.90000000000000002  34.187723076923078  -98.908769230769238
  1.3  34.189446153846156  -98.90653846153846
  1.8  34.191600000000001  -98.903750000000002
  2.3999999999999999  34.194184615384614  -98.90040384615385
  3.1000000000000001  34.197200000000002  -98.896500000000003
  4.0  34.198797959183672  -98.8958387755102
  5.0999999999999996  34.200751020408163  -98.895030612244895
  6.4000000000000004  34.203059183673467  -98.894075510204075
  8.0  34.2059  -98.892899999999997
  10.0  34.220821739130436  -98.895473913043475
  12.5  34.239473913043476  -98.898691304347821
  15.6  34.262602608695651  -98.902680869565216
  19.5  34.291699999999999  -98.907700000000006
  0.5  34.192999999999998  -98.871330769230781
  0.90000000000000002  34.19933846153846  -98.871330769230781
  1.3  34.205676923076922  -98.871761538461541
  1.8  34.2136  -98.872299999999996
  2.3999999999999999  34.223107692307693  -98.872946153846158
  3.1000000000000001  34.234200000000001  -98.873699999999999
  4.0  34.236587755102043  -98.871220408163268
  5.0999999999999996  34.239506122448979  -98.868189795918369
  6.4000000000000004  34.242955102040817  -98.864608163265316
  8.0  34.247199999999999  -98.860200000000006
  10.0  34.247756521739127  -98.858182608695657
  12.5  34.248452173913044  -98.855660869565227
  15.6  34.249314782608693  -98.852533913043487
  19.5  34.250399999999999  -98.848600000000005
  0.5  34.210999999999999  -98.825076923076921
  0.90000000000000002  34.213138461538463  -98.825076923076921
  1.3  34.215276923076921  -98.822153846153853
  1.8  34.217949999999995  -98.8185
  2.3999999999999999  34.221157692307692  -98.814115384615377
  3.1000000000000001  34.224899999999998  -98.808999999999997
  4.0  34.227618367346935  -98.807199999999995
  5.0999999999999996  34.23094081632653  -98.804999999999993
  6.4000000000000004  34.234867346938778  -98.802399999999992
  8.0  34.239699999999999  -98.799199999999999
  10.0  34.240760869565214  -98.797286956521745
  12.5  34.242086956521739  -98.794895652173921
  15.6  34.243731304347826  -98.791930434782614
  19.5  34.245800000000003  -98.788200000000003
  0.5  34.241100000000003  -98.799046153846149
  0.90000000000000002  34.243330769230774  -98.799046153846149
  1.3  34.245561538461544  -98.796492307692304
  1.8  34.248350000000002  -98.793299999999988
  2.3999999999999999  34.251696153846154  -98.789469230769228
  3.1000000000000001  34.255600000000001  -98.784999999999997
  4.0  34.25611428571429  -98.783199999999994
  5.0999999999999996  34.256742857142861  -98.780999999999992
  6.4000000000000004  34.257485714285714  -98.778399999999991
  8.0  34.258400000000002  -98.775199999999998
  10.0  34.265721739130434  -98.769808695652173
  12.5  34.274873913043479  -98.763069565217393
  15.6  34.286222608695653  -98.754713043478262
  19.5  34.3005  -98.744200000000006
  0.5  34.246099999999998  -98.777030769230763
  0.90000000000000002  34.242961538461536  -98.777030769230763
  1.3  34.239823076923074  -98.773861538461531
  1.8  34.235900000000001  -98.769900000000007
  2.3999999999999999  34.231192307692311  -98.76514615384616
  3.1000000000000001  34.225700000000003  -98.759600000000006
  4.0  34.236261224489802  -98.757946938775518
  5.0999999999999996  34.249169387755103  -98.755926530612257
  6.4000000000000004  34.264424489795921  -98.753538775510208
  8.0  34.283200000000001  -98.750600000000006
  10.0  34.256713043478264  -98.746773913043484
  12.5  34.22360434782609  -98.741991304347835
  15.6  34.182549565217393  -98.736060869565222
  19.5  34.130899999999997  -98.7286
  0.5  34.251800000000003  -98.745592307692306
  0.90000000000000002  34.247846153846154  -98.745592307692306
  1.3  34.243892307692313  -98.74188461538462
  1.8  34.238950000000003  -98.737250000000003
  2.3999999999999999  34.23301923076923  -98.731688461538468
  3.1000000000000001  34.226100000000002  -98.725200000000001
  4.0  34.24184081632653  -98.722628571428572
  5.0999999999999996  34.261079591836733  -98.71948571428571
  6.4000000000000004  34.283816326530612  -98.715771428571429
  8.0  34.311799999999998  -98.711200000000005
  10.0  34.307991304347823  -98.71634782608696
  12.5  34.303230434782606  -98.722782608695653
  15.6  34.297326956521744  -98.730761739130429
  19.5  34.289900000000003  -98.740799999999993
  0.5  34.2898  -98.69963846153847
  0.90000000000000002  34.282923076923076  -98.69963846153847
  1.3  34.276046153846153  -98.692776923076934
  1.8  34.267449999999997  -98.684200000000004
  2.3999999999999999  34.257134615384615  -98.673907692307694
  3.1000000000000001  34.245100000000001  -98.661900000000003
  4.0  34.246202040816328  -98.664085714285719
  5.0999999999999996  34.247548979591841  -98.666757142857151
  6.4000000000000004  34.249140816326531  -98.669914285714285
  8.0  34.251100000000001  -98.6738
  10.0  34.251152173913042  -98.681852173913043
  12.5  34.251217391304344  -98.691917391304344
  15.6  34.251298260869561  -98.704398260869567
  19.5  34.251399999999997  -98.720100000000002
  0.5  34.253900000000002  -98.636369230769233
  0.90000000000000002  34.254361538461538  -98.636369230769233
  1.3  34.254823076923081  -98.634738461538461
  1.8  34.255400000000002  -98.6327
  2.3999999999999999  34.256092307692306  -98.630253846153849
  3.1000000000000001  34.256900000000002  -98.627399999999994
  4.0  34.258938775510202  -98.628042857142859
  5.0999999999999996  34.261430612244901  -98.628828571428571
  6.4000000000000004  34.264375510204083  -98.629757142857144
  8.0  34.268000000000001  -98.630899999999997
  10.0  34.274486956521741  -98.64008260869565
  12.5  34.282595652173917  -98.651560869565216
  15.6  34.292650434782608  -98.665793913043473
  19.5  34.305300000000003  -98.683700000000002
  0.5  34.266399999999997  -98.607176923076921
  0.90000000000000002  34.269276923076923  -98.607176923076921
  1.3  34.272153846153842  -98.605253846153843
  1.8  34.275750000000002  -98.602849999999989
  2.3999999999999999  34.280065384615384  -98.599965384615388
  3.1000000000000001  34.2851  -98.596599999999995
  4.0  34.287028571428571  -98.59581020408163
  5.0999999999999996  34.289385714285714  -98.594844897959177
  6.4000000000000004  34.292171428571429  -98.593704081632652
  8.0  34.2956  -98.592299999999994
  10.0  34.297495652173914  -98.594630434782601
  12.5  34.299865217391307  -98.59754347826086
  15.6  34.30280347826087  -98.601155652173915
  19.5  34.3065  -98.605699999999999
