     28.9293728      9.2996407     29.7491341      8.6875820     15.1472205      3.1309659      0.0000000      3.9707309      4.7411881    -11.1764896      1.6102222
     28.7458057      9.3002825     29.6675587      8.5103636     15.0324416      3.3094907      0.5000000      3.7899066      3.4531358    -11.2425350      0.1436451
     28.5622368      9.3009233     29.4205456      8.4604874     14.9176627      3.4880154      1.0000000      7.2812478      1.1360841     -7.6364150     -2.3519313
     28.3786697      9.3015642     29.0796928      8.5480652     14.8028839      3.6665402      1.5000000     12.7649561     -1.0845410     -2.0379277     -4.7510812
     28.1951008      9.3022051     28.7324524      8.7169952     14.6881050      3.8450650      2.0000000     17.3961432     -2.0819316      2.7080383     -5.9269965
     28.0115337      9.3028469     28.4140854      8.8963823     14.5733261      4.0235897      2.5000000     19.4430788     -1.5362795      4.8697527     -5.5598692
     27.8279648      9.3034878     28.1242695      9.0416489     14.4585472      4.2021145      3.0000000     19.1529746      0.0487118      4.6944273     -4.1534027
     27.6443977      9.3041286     27.8615379      9.1400299     14.3437684      4.3806392      3.5000000     17.8416394      1.9047211      3.4978710     -2.4759182
     27.4608288      9.3047705     27.6242676      9.1977062     14.2289895      4.5591640      4.0000000     16.6269150      3.5312153      2.3979255     -1.0279487
     27.2772617      9.3054113     27.4017906      9.2273130     14.1142106      4.7376888      4.5000000     15.9219674      4.8536318      1.8077568      0.1159431
     27.0936947      9.3060522     27.1795979      9.2407331     13.9994317      4.9162135      5.0000000     15.6601406      6.0201590      1.6607088      1.1039455
     26.9101257      9.3066940     26.9491539      9.2457809     13.8846529      5.0947383      5.5000000     15.7028605      7.1178477      1.8182076      2.0231094
     26.7265587      9.3073349     26.7089939      9.2458401     13.7698740      5.2732630      6.0000000     16.0448107      8.1002125      2.2749367      2.8269494
     26.5429897      9.3079758     26.4591656      9.2418766     13.6550951      5.4517878      6.5000000     16.7746246      8.9195221      3.1195295      3.4677343
     26.3594227      9.3086176     26.1977673      9.2346277     13.5403163      5.6303126      7.0000000     17.9591843      9.6163917      4.4188681      3.9860792
     26.1758537      9.3092585     25.9207134      9.2247477     13.4255374      5.8088373      7.5000000     19.6432135     10.2495673      6.2176762      4.4407299
     25.9922867      9.3098993     25.6221828      9.2112579     13.3107585      5.9873621      8.0000000     21.9497330     10.8123736      8.6389745      4.8250115
     25.8087177      9.3105412     25.3052692      9.1929789     13.1959796      6.1658869      8.5000000     24.8618911     11.2487340     11.6659114      5.0828472
     25.6251507      9.3111820     25.0055065      9.1754541     13.0812008      6.3444116      9.0000000     27.5540660     11.4613842     14.4728652      5.1169726
     25.4415817      9.3118229     24.7885208      9.1729937     12.9664219      6.5229364      9.5000000     28.3604690     11.2932542     15.3940471      4.7703179
     25.2580147      9.3124647     24.6937675      9.1957569     12.8516430      6.7014611     10.0000000     26.2042462     10.6511165     13.3526031      3.9496553
     25.0744457      9.3131056     24.6847630      9.2362652     12.7368642      6.8799859     10.5000000     21.9224382      9.6879406      9.1855741      2.8079547
     24.8908787      9.3137465     24.6783562      9.2755690     12.6220853      7.0585107     11.0000000     17.5611381      8.7437117      4.9390529      1.6852010
     24.7073097      9.3143883     24.6162090      9.3008127     12.5073064      7.2370354     11.5000000     14.5638797      8.0873553      2.0565733      0.8503199
