      1.7941000      2.1930000      5.4289000    226.0000000
      6.3297000      5.2990000      4.9138000    505.0000000
     10.2297000      8.2950000      4.7919000    783.0000000
     15.3588000      7.4080000      4.8025000   1048.0000000
     18.2715000     10.8910000      4.9183000   1327.0000000
     19.6869000      8.9010000      5.4283000   1604.0000000
     21.8110000      7.2520000      4.8472000   1867.0000000
     25.4704000      8.1875000      5.3661000   2145.0000000
     30.0532000      9.9220000      4.8037000   2410.0000000
     33.5520000     12.8390000      5.1852000   2687.0000000
