     22.5190887      8.0170040     22.0677738      8.0907202     13.0298543      2.5069973      0.0000000     23.4581556     10.1532061     10.4283014      7.6462088
     22.4247589      8.0245609     21.8890820      7.4717913     12.7523745      2.2980757      0.5000000     25.2818088     15.4026098     12.5294343     13.1045341
     22.3304310      8.0321169     21.8491459      6.8054585     12.4748948      2.0891541      1.0000000     23.9688610     21.8178928     11.4939661     19.7287388
     22.2361012      8.0396738     21.8927803      6.6012278     12.1974151      1.8802324      1.5000000     19.9521646     24.8022285      7.7547495     22.9219961
     22.1417713      8.0472298     21.8979454      6.8982930     11.9199353      1.6713108      2.0000000     15.2670585     20.4057343      3.3471232     18.7344235
     22.0474434      8.0547867     21.8060646      7.2286472     11.6424556      1.4623892      2.5000000     11.6912630     10.6031436      0.0488074      9.1407544
     21.9531136      8.0623426     21.6627502      7.3074198     11.3649759      1.2534676      3.0000000      9.6462157      1.6683390     -1.7187602      0.4148714
     21.8587856      8.0698996     21.5400620      7.2999034     11.0874962      1.0445460      3.5000000      8.6656963     -2.7685938     -2.4217998     -3.8131397
     21.7644558      8.0774555     21.4649696      7.3644681     10.8100164      0.8356244      4.0000000      8.2359385     -4.4389209     -2.5740780     -5.2745453
     21.6701260      8.0850124     21.4201965      7.4259205     10.5325367      0.6267028      4.5000000      8.0564221     -6.2097792     -2.4761146     -6.8364819
     21.5757980      8.0925684     21.3784428      7.4348965     10.2550570      0.4177811      5.0000000      7.9556945     -8.1403645     -2.2993625     -8.5581457
     21.4814682      8.1001253     21.3268051      7.4718890      9.9775772      0.2088595      5.5000000      7.8904387     -8.8131307     -2.0871385     -9.0219902
     21.3871403      8.1076813     21.2700176      7.5736871      9.7000975     -0.0000621      6.0000000      7.9611476     -8.2399600     -1.7389500     -8.2398979
     21.2928104      8.1152382     21.2170677      7.6746907      9.4226178     -0.2089837      6.5000000      8.2649745     -7.7694689     -1.1576432     -7.5604852
     21.1984806      8.1227942     21.1677704      7.7217231      9.1451381     -0.4179053      7.0000000      8.7332334     -8.1215170     -0.4119047     -7.7036117
     21.1041527      8.1303511     21.1146717      7.7366118      8.8676583     -0.6268269      7.5000000      9.2001630     -8.7483133      0.3325047     -8.1214864
     21.0098228      8.1379080     21.0545979      7.7616501      8.5901786     -0.8357486      8.0000000      9.6126360     -8.9429041      1.0224574     -8.1071556
     20.9154930      8.1454639     20.9912224      7.8013000      8.3126989     -1.0446702      8.5000000     10.0458900     -8.7750996      1.7331911     -7.7304295
     20.8211651      8.1530209     20.9245872      7.8375406      8.0352191     -1.2535918      9.0000000     10.4597961     -8.6376742      2.4245769     -7.3840825
     20.7268353      8.1605768     20.8445625      7.8729410      7.7577394     -1.4625134      9.5000000     10.5674124     -8.3865247      2.8096730     -6.9240113
     20.6325073      8.1681337     20.7409096      7.9283562      7.4802597     -1.6714350     10.0000000     10.0944515     -7.5168368      2.6141919     -5.8454017
     20.5381775      8.1756897     20.6172142      8.0075045      7.2027800     -1.8803566     10.5000000      9.1197942     -5.9966981      1.9170143     -4.1163415
     20.4438477      8.1832466     20.4890251      8.0884390      6.9253002     -2.0892782     11.0000000      8.0246181     -4.4111439      1.0993179     -2.3218657
     20.3495197      8.1908026     20.3696842      8.1486864      6.6478205     -2.2981999     11.5000000      7.1393892     -3.3293104      0.4915687     -1.0311105
