      0.5398000      0.1605000      0.5574000     78.0000000
      1.2124000      0.2535000      0.7263000    101.0000000
      2.0198000      0.3670000      0.9508000    116.0000000
      2.9612000      0.4965000      1.2143000    130.0000000
      5.2684000      1.9315000      0.5291000    356.0000000
      5.5229000      2.1590000      0.6907000    378.0000000
      5.8274000      2.4310000      0.8980000    393.0000000
      6.1834000      2.7495000      1.1356000    408.0000000
      6.2464000      2.9210000      1.4271000    422.0000000
      8.4125000      3.6185000      0.5197000    635.0000000
      8.3830000      4.4750000      0.6526000    657.0000000
      8.3469000      5.5025000      0.8177000    672.0000000
      8.3050000      6.7020000      0.9820000    686.0000000
      8.5318000      6.9550000      1.2363000    700.0000000
     12.8658000      4.5625000      0.5660000    913.0000000
     13.1981000      4.8445000      0.7440000    936.0000000
     13.5964000      5.1820000      0.9758000    951.0000000
     14.0619000      5.5770000      1.2472000    965.0000000
     15.2241000      7.7855000      0.5536000   1193.0000000
     15.5156000      8.0805000      0.7207000   1214.0000000
     15.8649000      8.4365000      0.9524000   1229.0000000
     16.2718000      8.8485000      1.2207000   1244.0000000
     17.2318000      7.1250000      0.6082000   1470.0000000
     17.5775000      6.6935000      0.8091000   1492.0000000
     17.9917000      6.1775000      1.0959000   1507.0000000
     18.4752000      5.5740000      1.4433000   1521.0000000
     20.0961000      7.5080000      0.6674000   1747.0000000
     20.4990000      6.9660000      0.8892000   1769.0000000
     20.9830000      6.3160000      1.2066000   1784.0000000
     23.9490000     11.6490000      0.5055000   1985.0000000
     24.5467000     10.8950000      0.7312000   2024.0000000
     25.2950000      9.9510000      0.9980000   2047.0000000
     26.1924000      8.8195000      1.3670000   2062.0000000
     29.5376000      8.4575000      0.6306000   2264.0000000
     29.6842000      8.5050000      0.8918000   2303.0000000
     29.8672000      8.5640000      1.1737000   2325.0000000
     32.1727000     10.0205000      0.6712000   2541.0000000
     32.3500000     10.3280000      0.9527000   2580.0000000
     32.5715000     10.7120000      1.2364000   2602.0000000
