      1.7195000      0.9790000      3.6785000    199.0000000
      1.7526000      1.5215000      4.4664000    212.0000000
      6.3297000      5.2990000      3.9042000    491.0000000
      9.9485000      8.2070000      3.7804000    769.0000000
     15.1426000      7.2685000      3.8348000   1034.0000000
     17.6504000      9.9145000      3.9288000   1313.0000000
     19.6869000      8.9010000      4.3506000   1590.0000000
     21.8110000      7.2520000      3.8620000   1854.0000000
     26.5322000      7.9505000      3.5671000   2118.0000000
     26.1895000      8.1685000      4.3741000   2132.0000000
     30.1474000      9.5280000      3.8964000   2396.0000000
     33.4200000     12.4710000      4.1725000   2673.0000000
