     11.9510403      5.5686140     12.5714874      4.3807387     11.5616166      4.4470258      0.0000000      3.2785658      7.2271287     -8.2830509      2.7801029
     12.0911541      5.8970017     12.8458786      4.5182333     11.6794274      4.4257323      0.5000000      6.1329415      5.5854591     -5.5464859      1.1597268
     12.2312679      6.2253900     13.0174131      4.9454708     11.7972382      4.4044388      1.0000000     11.4707687      2.7589057     -0.3264695     -1.6455331
     12.3713818      6.5537777     13.0772371      5.5748501     11.9150490      4.3831453      1.5000000     16.5370069     -0.4371001      4.6219578     -4.8202454
     12.5114956      6.8821654     13.0566282      6.2357593     12.0328598      4.3618518      2.0000000     19.3037760     -2.7906262      7.2709162     -7.1524780
     12.6516094      7.2105532     13.0121336      6.8232284     12.1506706      4.3405583      2.5000000     19.8816782     -3.4766476      7.7310076     -7.8172059
     12.7917233      7.5389414     12.9927788      7.3165851     12.2684814      4.3192648      3.0000000     19.5093523     -2.9181301      7.2408709     -7.2373949
     12.9318380      7.8673291     13.0158968      7.7279205     12.3862922      4.2979713      3.5000000     19.0834226     -2.2566400      6.6971304     -6.5546113
     13.0719519      8.1957169     13.0722485      8.0813780     12.5041030      4.2766778      4.0000000     18.8879803     -1.9113779      6.3838773     -6.1880557
     13.2120657      8.5241051     13.1451187      8.4043989     12.6219138      4.2553843      4.5000000     19.0311638     -1.3116283      6.4092500     -5.5670126
     13.3521795      8.8524923     13.2245340      8.7123137     12.7397246      4.2340908      5.0000000     19.5650660      0.0330555      6.8253414     -4.2010353
     13.4922934      9.1808805     13.3150740      9.0131111     12.8575354      4.2127973      5.5000000     20.2045211      1.7865499      7.3469857     -2.4262474
     13.6324072      9.5092688     13.4337292      9.3220997     12.9753462      4.1915038      6.0000000     20.2790501      3.1030932      7.3037039     -1.0884106
     13.7725210      9.8376560     13.5926237      9.6547956     13.0931570      4.1702103      6.5000000     19.2813595      3.3946220      6.1882025     -0.7755883
     13.9126348     10.1660442     13.7821894     10.0105000     13.2109678      4.1489168      7.0000000     17.4489893      2.8013793      4.2380215     -1.3475375
     14.0527487     10.4944324     13.9770527     10.3757315     13.3287786      4.1276233      7.5000000     15.5859342      2.0405856      2.2571556     -2.0870377
     14.1928625     10.8228197     14.1572838     10.7397242     13.4465894      4.1063298      8.0000000     14.3364383      1.7931807      0.8898490     -2.3131491
     14.3329763     11.1512079     14.3190384     11.0987921     13.5644002      4.0850363      8.5000000     13.7929943      2.1957629      0.2285941     -1.8892735
     14.4730902     11.4795952     14.4683352     11.4511538     13.6822110      4.0637428      9.0000000     13.6971294      2.8946755      0.0149185     -1.1690673
     14.6132040     11.8079834     14.6117353     11.7952757     13.8000218      4.0424493      9.5000000     13.7813455      3.4863799     -0.0186762     -0.5560694
     14.7533178     12.1363716     14.7529049     12.1318254     13.9178326      4.0211558     10.0000000     13.9068083      3.8164221     -0.0110243     -0.2047337
     14.8934317     12.4647589     14.8933296     12.4634762     14.0356433      3.9998623     10.5000000     14.0319676      3.9413235     -0.0036758     -0.0585388
     15.0335455     12.7931471     15.0335245     12.7928629     14.1534541      3.9785688     11.0000000     14.1525851      3.9655505     -0.0008691     -0.0130183
     15.1736593     13.1215353     15.1736555     13.1214857     14.2712649      3.9572753     11.5000000     14.2711105      3.9550220     -0.0001544     -0.0022534
