     0.000     0.000     0.641    -0.855    -0.641     0.855     0.248     0.000     0.000     0.000   126.847
     0.002     0.087     1.038    -0.504    -1.036     0.591     0.395    39.000     0.000     0.000   150.305
     0.540     0.161     1.447    -0.141    -0.907     0.302     0.557    78.000     0.000     0.000   161.600
     1.212     0.254     1.649     0.071    -0.436     0.182     0.726   101.000     0.000     0.000   157.315
     2.020     0.367     1.712     0.206     0.308     0.161     0.951   116.000     0.000     0.000    27.677
     2.961     0.496     1.749     0.338     1.212     0.159     1.214   130.000     0.000     0.000     7.454
     2.728     0.505     1.768     0.480     0.960     0.025     1.533   144.000     0.000     0.000     1.462
     2.443     0.516     1.755     0.637     0.688    -0.120     1.936   158.000     0.000     0.000    -9.923
     2.107     0.530     1.722     0.813     0.384    -0.282     2.415   172.000     0.000     0.000   -36.315
     1.693     0.546     1.645     1.001     0.048    -0.455     2.994   185.000     0.000     0.000   -83.990
     1.720     0.979     1.563     1.234     0.157    -0.255     3.679   199.000     0.000     0.000   -58.375
     1.753     1.522     1.446     1.490     0.306     0.032     4.466   212.000     0.000     0.000     5.881
     1.794     2.193     1.312     1.813     0.483     0.380     5.429   226.000     0.000     0.000    38.190
     1.846     3.039     1.150     2.201     0.696     0.838     6.571   240.000     0.000     0.000    50.277
     5.061     1.565     4.291     1.696     0.770    -0.131     0.239   278.000     0.000     0.000    -9.674
     5.065     1.750     4.751     2.051     0.315    -0.301     0.379   317.000     0.000     0.000   -43.681
     5.268     1.931     5.223     2.413     0.046    -0.482     0.529   356.000     0.000     0.000   -84.563
     5.523     2.159     5.481     2.646     0.042    -0.487     0.691   378.000     0.000     0.000   -85.064
     5.827     2.431     5.646     2.841     0.181    -0.410     0.898   393.000     0.000     0.000   -66.207
     6.183     2.750     5.816     3.054     0.367    -0.304     1.136   408.000     0.000     0.000   -39.663
     6.246     2.921     5.975     3.285     0.272    -0.364     1.427   422.000     0.000     0.000   -53.257
     6.323     3.131     6.136     3.553     0.187    -0.422     1.791   436.000     0.000     0.000   -66.113
     6.414     3.379     6.305     3.856     0.108    -0.478     2.218   450.000     0.000     0.000   -77.219
     6.525     3.682     6.469     4.194     0.057    -0.512     2.723   463.000     0.000     0.000   -83.691
     6.330     5.299     6.669     4.511    -0.339     0.788     3.129   477.000     0.000     0.000   113.278
     6.330     5.299     6.871     5.005    -0.541     0.294     3.904   491.000     0.000     0.000   151.483
     6.330     5.299     7.094     5.628    -0.765    -0.329     4.914   505.000     0.000     0.000  -156.692
     6.330     5.299     7.351     6.426    -1.021    -1.127     6.235   519.000     0.000     0.000  -132.176
     8.422     2.248     7.797     3.781     0.625    -1.533     0.246   557.000     0.000     0.000   -67.818
     8.437     2.932     8.287     4.106     0.149    -1.174     0.379   596.000     0.000     0.000   -82.747
     8.412     3.619     8.785     4.435    -0.373    -0.816     0.520   635.000     0.000     0.000  -114.539
     8.383     4.475     9.076     4.650    -0.693    -0.175     0.653   657.000     0.000     0.000  -165.830
     8.347     5.503     9.289     4.841    -0.942     0.661     0.818   672.000     0.000     0.000   144.927
     8.305     6.702     9.491     5.027    -1.186     1.675     0.982   686.000     0.000     0.000   125.306
     8.532     6.955     9.713     5.268    -1.181     1.687     1.236   700.000     0.000     0.000   124.999
     8.810     7.265     9.964     5.558    -1.154     1.707     1.556   715.000     0.000     0.000   124.064
     9.137     7.631    10.206     5.874    -1.069     1.757     1.935   728.000     0.000     0.000   121.330
     9.540     8.082    10.483     6.246    -0.943     1.835     2.390   742.000     0.000     0.000   117.199
     9.722     8.137    10.803     6.728    -1.082     1.409     3.013   756.000     0.000     0.000   127.522
     9.949     8.207    11.151     7.299    -1.202     0.908     3.780   769.000     0.000     0.000   142.939
    10.230     8.295    11.578     8.037    -1.348     0.258     4.792   783.000     0.000     0.000   169.156
    10.583     8.405    12.095     8.987    -1.512    -0.582     6.126   797.000     0.000     0.000  -158.947
    12.595     4.106    11.145     5.385     1.450    -1.280     0.254   835.000     0.000     0.000   -41.434
    12.600     4.336    11.642     5.667     0.958    -1.331     0.400   874.000     0.000     0.000   -54.260
    12.866     4.562    12.145     5.954     0.721    -1.391     0.566   913.000     0.000     0.000   -62.600
    13.198     4.845    12.464     6.170     0.734    -1.325     0.744   936.000     0.000     0.000   -61.001
    13.596     5.182    12.705     6.383     0.892    -1.201     0.976   951.000     0.000     0.000   -53.421
    14.062     5.577    12.946     6.616     1.116    -1.039     1.247   965.000     0.000     0.000   -42.966
    14.229     5.868    13.203     6.881     1.026    -1.013     1.572   979.000     0.000     0.000   -44.620
    14.432     6.221    13.483     7.195     0.949    -0.974     1.980   993.000     0.000     0.000   -45.733
    14.673     6.641    13.785     7.553     0.888    -0.912     2.464  1007.000     0.000     0.000   -45.759
    14.969     7.157    14.114     7.968     0.855    -0.811     3.046  1021.000     0.000     0.000   -43.479
    15.143     7.269    14.490     8.503     0.653    -1.234     3.835  1034.000     0.000     0.000   -62.131
    15.359     7.408    14.925     9.142     0.433    -1.734     4.803  1048.000     0.000     0.000   -75.970
    15.627     7.580    15.443     9.956     0.184    -2.377     6.073  1062.000     0.000     0.000   -85.564
    15.965     7.797    16.067    10.996    -0.102    -3.199     7.741  1076.000     0.000     0.000   -91.818
    14.986     7.309    14.350     6.507     0.636     0.801     0.246  1114.000     0.000     0.000    51.558
    14.991     7.549    14.825     6.710     0.166     0.839     0.391  1153.000     0.000     0.000    78.802
    15.224     7.785    15.308     6.907    -0.084     0.878     0.554  1193.000     0.000     0.000    95.432
    15.516     8.081    15.577     7.046    -0.061     1.035     0.721  1214.000     0.000     0.000    93.385
    15.865     8.437    15.792     7.198     0.073     1.239     0.952  1229.000     0.000     0.000    86.643
    16.272     8.848    16.011     7.361     0.260     1.488     1.221  1244.000     0.000     0.000    80.073
    16.434     8.901    16.229     7.545     0.205     1.356     1.553  1258.000     0.000     0.000    81.400
    16.632     8.966    16.459     7.763     0.173     1.202     1.978  1272.000     0.000     0.000    81.793
    16.866     9.040    16.697     8.010     0.168     1.030     2.493  1286.000     0.000     0.000    80.724
    17.153     9.134    16.939     8.297     0.214     0.837     3.128  1299.000     0.000     0.000    75.675
    17.650     9.915    17.206     8.635     0.445     1.280     3.929  1313.000     0.000     0.000    70.837
    18.271    10.891    17.485     9.027     0.786     1.864     4.918  1327.000     0.000     0.000    67.138
    19.041    12.102    17.788     9.528     1.253     2.574     6.245  1340.000     0.000     0.000    64.046
    20.010    13.626    18.134    10.163     1.876     3.462     8.034  1354.000     0.000     0.000    61.546
    16.963     7.809    17.398     7.161    -0.436     0.647     0.261  1392.000     0.000     0.000   123.936
    16.956     7.470    17.837     7.275    -0.881     0.195     0.422  1431.000     0.000     0.000   167.546
    17.232     7.125    18.274     7.385    -1.042    -0.260     0.608  1470.000     0.000     0.000  -165.982
    17.578     6.694    18.521     7.466    -0.944    -0.772     0.809  1492.000     0.000     0.000  -140.712
    17.992     6.178    18.691     7.551    -0.699    -1.373     1.096  1507.000     0.000     0.000  -116.976
    18.475     5.574    18.845     7.641    -0.369    -2.067     1.443  1521.000     0.000     0.000  -100.132
    18.645     6.711    18.992     7.721    -0.347    -1.010     1.784  1535.000     0.000     0.000  -108.954
    18.853     8.102    19.132     7.809    -0.279     0.293     2.204  1549.000     0.000     0.000   133.571
    19.099     9.745    19.264     7.896    -0.165     1.849     2.676  1563.000     0.000     0.000    95.090
    19.099     9.745    19.382     8.003    -0.282     1.742     3.324  1577.000     0.000     0.000    99.199
    19.687     8.901    19.462     8.157     0.225     0.744     4.351  1590.000     0.000     0.000    73.201
    19.687     8.901    19.530     8.295     0.157     0.606     5.428  1604.000     0.000     0.000    75.514
    19.687     8.901    19.559     8.456     0.128     0.445     6.832  1618.000     0.000     0.000    73.932
    19.687     8.901    19.531     8.641     0.156     0.260     8.654  1632.000     0.000     0.000    59.108
    19.782     8.368    20.577     7.682    -0.795     0.686     0.287  1669.000     0.000     0.000   139.213
    19.774     7.941    21.033     7.778    -1.259     0.163     0.459  1708.000     0.000     0.000   172.631
    20.096     7.508    21.483     7.871    -1.387    -0.363     0.667  1747.000     0.000     0.000  -165.325
    20.499     6.966    21.719     7.925    -1.220    -0.959     0.889  1769.000     0.000     0.000  -141.819
    20.983     6.316    21.850     7.965    -0.867    -1.649     1.207  1784.000     0.000     0.000  -117.731
    21.548     5.556    21.953     8.002    -0.405    -2.445     1.593  1798.000     0.000     0.000   -99.398
    21.811     7.252    22.066     8.035    -0.255    -0.783     1.962  1813.000     0.000     0.000  -108.007
    21.811     7.252    22.132     8.065    -0.321    -0.813     2.483  1827.000     0.000     0.000  -111.568
    21.811     7.252    22.161     8.089    -0.350    -0.837     3.106  1840.000     0.000     0.000  -112.658
    21.811     7.252    22.165     8.110    -0.354    -0.858     3.862  1854.000     0.000     0.000  -112.408
    21.811     7.252    22.100     8.124    -0.289    -0.872     4.847  1867.000     0.000     0.000  -108.320
    21.811     7.252    21.985     8.129    -0.174    -0.877     6.048  1881.000     0.000     0.000  -101.222
    21.811     7.252    21.772     8.122     0.039    -0.870     7.611  1895.000     0.000     0.000   -87.443
    21.811     7.252    21.421     8.098     0.390    -0.846     9.640  1908.000     0.000     0.000   -65.238
    23.963    12.392    24.118     8.336    -0.155     4.055     0.314  1946.000     0.000     0.000    92.190
    23.949    11.649    24.596     8.434    -0.647     3.215     0.506  1985.000     0.000     0.000   101.372
    24.547    10.895    25.064     8.532    -0.517     2.363     0.731  2024.000     0.000     0.000   102.350
    25.295     9.951    25.301     8.586    -0.006     1.365     0.998  2047.000     0.000     0.000    90.258
    26.192     8.819    25.396     8.614     0.797     0.205     1.367  2062.000     0.000     0.000    14.433
    27.239     7.500    25.444     8.638     1.795    -1.137     1.834  2076.000     0.000     0.000   -32.349
    27.047     7.623    25.488     8.662     1.559    -1.039     2.301  2090.000     0.000     0.000   -33.697
    26.811     7.772    25.505     8.687     1.306    -0.914     2.884  2105.000     0.000     0.000   -35.000
    26.532     7.950    25.459     8.704     1.073    -0.754     3.567  2118.000     0.000     0.000   -35.090
    26.189     8.168    25.381     8.724     0.809    -0.556     4.374  2132.000     0.000     0.000   -34.496
    25.470     8.188    25.222     8.739     0.248    -0.552     5.366  2145.000     0.000     0.000   -65.765
    24.572     8.212    25.020     8.759    -0.448    -0.548     6.504  2159.000     0.000     0.000  -129.287
    23.458     8.242    24.726     8.780    -1.268    -0.539     7.890  2173.000     0.000     0.000  -156.984
    22.057     8.280    24.329     8.805    -2.273    -0.524     9.546  2187.000     0.000     0.000  -167.011
    29.537     8.408    28.035     9.139     1.502    -0.731     0.403  2225.000     0.000     0.000   -25.958
    29.538     8.457    28.533     9.264     1.004    -0.806     0.631  2264.000     0.000     0.000   -38.751
    29.684     8.505    29.022     9.399     0.662    -0.894     0.892  2303.000     0.000     0.000   -53.474
    29.867     8.564    29.249     9.483     0.618    -0.919     1.174  2325.000     0.000     0.000   -56.077
    30.087     8.635    29.337     9.549     0.750    -0.915     1.543  2340.000     0.000     0.000   -50.660
    30.343     8.717    29.383     9.620     0.960    -0.903     1.978  2354.000     0.000     0.000   -43.248
    30.290     8.938    29.398     9.701     0.891    -0.763     2.490  2368.000     0.000     0.000   -40.566
    30.225     9.209    29.377     9.802     0.847    -0.593     3.134  2383.000     0.000     0.000   -34.994
    30.147     9.528    29.278     9.910     0.869    -0.382     3.896  2396.000     0.000     0.000   -23.742
    30.053     9.922    29.135    10.047     0.918    -0.125     4.804  2410.000     0.000     0.000    -7.761
    29.246    10.638    28.937    10.211     0.309     0.427     5.848  2424.000     0.000     0.000    54.099
    28.239    11.533    28.675    10.396    -0.436     1.137     7.013  2437.000     0.000     0.000   110.980
    26.989    12.642    28.348    10.630    -1.359     2.012     8.373  2451.000     0.000     0.000   124.033
    26.989    12.642    27.657    10.968    -0.668     1.674    10.605  2464.000     0.000     0.000   111.756
    32.167     9.710    32.315    10.100    -0.148    -0.390     0.430  2502.000     0.000     0.000  -110.784
    32.173    10.021    32.853    10.286    -0.680    -0.266     0.671  2541.000     0.000     0.000  -158.670
    32.350    10.328    33.381    10.499    -1.031    -0.171     0.953  2580.000     0.000     0.000  -170.593
    32.572    10.712    33.632    10.655    -1.060     0.057     1.236  2602.000     0.000     0.000   176.939
    32.837    11.173    33.724    10.814    -0.886     0.359     1.630  2617.000     0.000     0.000   157.953
    33.148    11.712    33.775    10.994    -0.628     0.718     2.085  2631.000     0.000     0.000   131.161
    33.222    11.919    33.790    11.211    -0.568     0.708     2.636  2645.000     0.000     0.000   128.720
    33.312    12.172    33.764    11.490    -0.451     0.682     3.335  2660.000     0.000     0.000   123.501
    33.420    12.471    33.650    11.815    -0.230     0.656     4.173  2673.000     0.000     0.000   109.318
    33.552    12.839    33.486    12.225     0.066     0.614     5.185  2687.000     0.000     0.000    83.832
    33.348    13.049    33.217    12.749     0.131     0.299     6.467  2701.000     0.000     0.000    66.399
    33.093    13.309    32.838    13.382     0.255    -0.073     7.994  2714.000     0.000     0.000   -15.985
    32.776    13.631    32.312    14.219     0.464    -0.588     9.947  2728.000     0.000     0.000   -51.714
    32.378    14.039    31.587    15.306     0.792    -1.267    12.423  2742.000     0.000     0.000   -58.012
