      1.6929000      0.5460000      2.9936000    185.0000000
      6.5253000      3.6820000      2.7228000    463.0000000
      6.3297000      5.2990000      3.1290000    477.0000000
      9.7215000      8.1370000      3.0128000    756.0000000
     14.9693000      7.1570000      3.0462000   1021.0000000
     17.1530000      9.1340000      3.1282000   1299.0000000
     19.0994000      9.7455000      2.6765000   1563.0000000
     19.0994000      9.7455000      3.3243000   1577.0000000
     21.8110000      7.2520000      3.1061000   1840.0000000
     26.8109000      7.7725000      2.8840000   2105.0000000
     30.2246000      9.2085000      3.1342000   2383.0000000
     33.2221000     11.9190000      2.6357000   2645.0000000
     33.3124000     12.1720000      3.3349000   2660.0000000
