      6.5510263      2.9713552      6.7865119      2.6545591     12.1747092      6.9694969      0.0000000     15.9602799      2.4551282      3.7855707     -4.5143686
      6.5127292      3.1814544      6.8139501      2.8261876     12.8411237      7.5107402      0.5000000     15.6485490      2.8960110      2.8074253     -4.6147292
      6.4744315      3.3915536      6.7831931      3.0000226     13.5075382      8.0519835      1.0000000     14.5341028      4.5423759      1.0265646     -3.5096076
      6.4361343      3.6016531      6.6933513      3.1458108     14.1739527      8.5932268      1.5000000     13.7437491      7.3909912     -0.4302036     -1.2022355
      6.3978367      3.8117523      6.5714025      3.3379614     14.8403672      9.1344701      2.0000000     13.6444575     11.4211092     -1.1959098      2.2866392
      6.3595395      4.0218515      6.4206791      3.7137012     15.5067818      9.6757134      2.5000000     13.5822331     15.9661403     -1.9245487      6.2904270
      6.3212419      4.2319508      6.2215586      4.2550864     16.1731963     10.2169567      3.0000000     12.9979026     19.0853720     -3.1752937      8.8684153
      6.2829447      4.4420500      5.9969544      4.7249370     16.8396108     10.7582000      3.5000000     12.1966773     18.9217152     -4.6429335      8.1635152
      6.2446470      4.6521492      5.8175507      4.9283662     17.5060253     11.2994433      4.0000000     11.7898913     15.7726357     -5.7161340      4.4731925
      6.2063498      4.8622489      5.7184272      4.9154177     18.1724398     11.8406866      4.5000000     11.7868475     11.6092917     -6.3855924     -0.2313948
      6.1680527      5.0723481      5.6612439      4.8507814     18.8388544     12.3819299      5.0000000     11.6354465      7.8408043     -7.2034079     -4.5411256
      6.1297550      5.2824473      5.6017509      4.8366451     19.5052689     12.9231732      5.5000000     11.1541099      4.8575510     -8.3511590     -8.0656222
      6.0914578      5.4925466      5.5561900      4.9211111     20.1716834     13.4644165      6.0000000     11.0858968      3.2574790     -9.0857866    -10.2069375
      6.0531602      5.7026458      5.5729790      5.1396513     20.8380979     14.0056598      6.5000000     12.4032246      3.9143294     -8.4348733    -10.0913304
      6.0148630      5.9127450      5.6594467      5.4784403     21.5045124     14.5469031      7.0000000     15.1630445      6.7327729     -6.3414679     -7.8141302
      5.9765654      6.1228442      5.7666993      5.8612270     22.1709270     15.0881464      7.5000000     18.3961372     10.3676397     -3.7747898     -4.7205067
      5.9382682      6.3329434      5.8407831      6.2101793     22.8373415     15.6293897      8.0000000     21.0745350     13.4083650     -1.7628065     -2.2210247
      5.8999705      6.5430431      5.8645515      6.4982018     23.5037560     16.1706330      8.5000000     22.8603483     15.3569415     -0.6434077     -0.8136915
      5.8616734      6.7531424      5.8516321      6.7403941     24.1701705     16.7118763      9.0000000     23.9869206     16.4797189     -0.1832499     -0.2321574
      5.8233757      6.9632416      5.8211570      6.9604201     24.8365850     17.2531196      9.5000000     24.7958861     17.2015226     -0.0406989     -0.0515970
      5.7850785      7.1733408      5.7846966      7.1728549     25.5029996     17.7943629     10.0000000     25.4959528     17.7854282     -0.0070467     -0.0089346
      5.7467813      7.3834400      5.7467299      7.3833747     26.1694141     18.3356062     10.5000000     26.1684630     18.3344005     -0.0009511     -0.0012056
      5.7084837      7.5935392      5.7084785      7.5935326     26.8358286     18.8768495     11.0000000     26.8357285     18.8767227     -0.0001001     -0.0001268
      5.6701865      7.8036385      5.6701860      7.8036380     27.5022431     19.4180928     11.5000000     27.5022349     19.4180824     -0.0000082     -0.0000104
