     36.3030586     10.8661833     36.2647057     10.8723135     17.2645867      3.7549346      0.0000000     18.6952466      3.7374720      1.4306600     -0.0174626
     36.1042824     11.0361977     36.0418549     11.0671444     17.3125087      4.3209057      0.5000000     19.5853098      3.7144311      2.2728011     -0.6064746
     35.9055023     11.2062111     35.8203316     11.2873783     17.3604306      4.8868768      1.0000000     20.2982461      2.9840840      2.9378154     -1.9027929
     35.7067261     11.3762255     35.6007347     11.5252666     17.4083526      5.4528480      1.5000000     20.6894910      1.7741353      3.2811384     -3.6787127
     35.5079460     11.5462389     35.3763161     11.7586794     17.4562746      6.0188191      2.0000000     20.9420149      0.7946353      3.4857403     -5.2241838
     35.3091698     11.7162533     35.1454697     11.9729500     17.5041966      6.5847902      2.5000000     21.2637495      0.6084050      3.7595529     -5.9763853
     35.1103935     11.8862667     34.9237289     12.1770382     17.5521186      7.1507614      3.0000000     21.4986328      1.0900434      3.9465142     -6.0607179
     34.9116135     12.0562811     34.7355766     12.3904934     17.6000406      7.7167325      3.5000000     21.2384122      1.7019233      3.6383717     -6.0148092
     34.7128372     12.2262955     34.5917816     12.6180048     17.6479626      8.2827036      4.0000000     20.2950580      2.1513995      2.6470955     -6.1313042
     34.5140572     12.3963089     34.4750595     12.8403406     17.6958845      8.8486748      4.5000000     18.9524524      2.6143989      1.2565678     -6.2342759
     34.3152809     12.5663233     34.3490868     13.0271902     17.7438065      9.4146459      5.0000000     17.7716995      3.4585622      0.0278930     -5.9560837
     34.1165009     12.7363367     34.1873169     13.1599073     17.7917285      9.9806171      5.5000000     17.1642403      4.8717250     -0.6274882     -5.1088920
     33.9177246     12.9063511     33.9971008     13.2449493     17.8396505     10.5465882      6.0000000     17.1052778      6.7042586     -0.7343727     -3.8423296
     33.7189484     13.0763655     33.8118324     13.3054371     17.8875725     11.1125593      6.5000000     17.2420437      8.6130808     -0.6455288     -2.4994785
     33.5201683     13.2463789     33.6562538     13.3630581     17.9354945     11.6785305      7.0000000     17.2658086     10.3158219     -0.6696859     -1.3627086
     33.3213921     13.4163933     33.5229568     13.4277344     17.9834164     12.2445016      7.5000000     17.1546911     11.6944079     -0.8287254     -0.5500937
     33.1226120     13.5864067     33.3876495     13.4934158     18.0313384     12.8104727      8.0000000     17.0868242     12.7519699     -0.9445142     -0.0585028
     32.9238358     13.7564211     33.2421341     13.5415030     18.0792604     13.3764439      8.5000000     17.1924057     13.5617819     -0.8868547      0.1853381
     32.7250557     13.9264355     33.0962448     13.5655375     18.1271824     13.9424150      9.0000000     17.4355116     14.2216217     -0.6916708      0.2792067
     32.5262794     14.0964489     32.9459038     13.5980797     18.1751044     14.5083861      9.5000000     17.7127311     14.7814438     -0.4623733      0.2730576
     32.3275032     14.2664633     32.7675819     13.6855783     18.2230264     15.0743573     10.0000000     18.0011686     15.1885347     -0.2218578      0.1141774
     32.1287231     14.4364767     32.5629158     13.8161716     18.2709484     15.6403284     10.5000000     18.3855933     15.3046675      0.1146450     -0.3356610
     31.9299450     14.6064911     32.3810959     13.9040432     18.3188703     16.2062996     11.0000000     18.9609211     15.0153198      0.6420507     -1.1909797
     31.7311687     14.7765045     32.2611046     13.8923168     18.3667923     16.7722707     11.5000000     19.6901465     14.4222520      1.3233542     -2.3500187
