     17.0720978      7.0181484     16.8516083      7.5805082     10.9485241      1.9245547      0.0000000      4.3279977      2.9114578     -6.6205264      0.9869030
     17.1410084      7.2088709     16.8934479      7.8258109     10.5177312      1.3407244      0.5000000      2.4811310     -0.0363783     -8.0366002     -1.3771027
     17.2099190      7.3995929     16.9980583      7.9598341     10.0869383      0.7568941      1.0000000      2.3784081     -4.1357636     -7.7085301     -4.8926578
     17.2788296      7.5903153     17.1453152      8.0395012      9.6561453      0.1730638      1.5000000      3.7711111     -7.6869905     -5.8850342     -7.8600543
     17.3477402      7.7810373     17.3001766      8.1465740      9.2253524     -0.4107665      2.0000000      5.4922361     -9.3734914     -3.7331163     -8.9627249
     17.4166489      7.9717598     17.4500103      8.3397198      8.7945595     -0.9945968      2.5000000      6.4083075     -9.6174607     -2.3862519     -8.6228639
     17.4855595      8.1624823     17.6080456      8.6450624      8.3637665     -1.5784271      3.0000000      6.1112465    -10.0577790     -2.2525201     -8.4793519
     17.5544701      8.3532038     17.7893581      9.0566950      7.9329736     -2.1622574      3.5000000      4.8756741    -11.8099601     -3.0572995     -9.6477028
     17.6233807      8.5439262     17.9940548      9.5349474      7.5021807     -2.7460877      4.0000000      3.2447373    -14.5490887     -4.2574434    -11.8030010
     17.6922913      8.7346487     18.2108269     10.0285101      7.0713878     -3.3299180      4.5000000      1.6869362    -17.1863365     -5.3844515    -13.8564186
     17.7612019      8.9253702     18.4284916     10.5087519      6.6405948     -3.9137483      5.0000000      0.4533022    -19.0026236     -6.1872927    -15.0888753
     17.8301125      9.1160927     18.6412621     10.9719105      6.2098019     -4.4975786      5.5000000     -0.3900264    -19.9351432     -6.5998283    -15.4375647
     17.8990231      9.3068151     18.8532944     11.4275599      5.7790090     -5.0814089      6.0000000     -0.8613551    -20.1436296     -6.6403641    -15.0622207
     17.9679337      9.4975376     19.0889359     11.9168024      5.3482160     -5.6652392      6.5000000     -1.0635312    -19.8363214     -6.4117473    -14.1710822
     18.0368443      9.6882591     19.3694096     12.4817667      4.9174231     -6.2490695      7.0000000     -1.1991457    -19.3956431     -6.1165688    -13.1465736
     18.1057549      9.8789816     19.6372299     13.0203447      4.4866302     -6.8328998      7.5000000     -1.3470058    -19.0268914     -5.8336359    -12.1939916
     18.1746635     10.0697041     19.7422047     13.2456770      4.0558372     -7.4167301      8.0000000     -1.2575748    -18.2971721     -5.3134121    -10.8804420
     18.2435741     10.2604256     19.5800896     12.9525375      3.6250443     -8.0005604      8.5000000     -0.6467948    -16.6481913     -4.2718391     -8.6476310
     18.3124847     10.4511480     19.2269936     12.2885456      3.1942514     -8.5843907      9.0000000      0.3471027    -14.3168915     -2.8471487     -5.7325009
     18.3813953     10.6418705     18.8749561     11.6324568      2.7634585     -9.1682210      9.5000000      1.2439331    -12.2205355     -1.5195254     -3.0523145
     18.4503059     10.8325930     18.6588497     11.2509623      2.3326655     -9.7520513     10.0000000      1.6936205    -11.0344883     -0.6390450     -1.2824370
     18.5192165     11.0233145     18.5879898     11.1612587      1.9018726    -10.3358816     10.5000000      1.6915516    -10.7577950     -0.2103210     -0.4219134
     18.5881271     11.2140369     18.6058064     11.2494936      1.4710797    -10.9197119     11.0000000      1.4170652    -11.0280529     -0.0540145     -0.1083410
     18.6570377     11.4047594     18.6605778     11.4118595      1.0402867    -11.5035422     11.5000000      1.0294750    -11.5252275     -0.0108117     -0.0216853
