      0.0000000      0.0000000      0.2480000      0.0000000
      0.0020000      0.0865000      0.3954000     39.0000000
      5.0613000      1.5650000      0.2388000    278.0000000
      5.0653000      1.7500000      0.3791000    317.0000000
      8.4223000      2.2480000      0.2460000    557.0000000
      8.4368000      2.9320000      0.3785000    596.0000000
     12.5952000      4.1055000      0.2541000    835.0000000
     12.6000000      4.3360000      0.3996000    874.0000000
     14.9860000      7.3085000      0.2461000   1114.0000000
     14.9910000      7.5490000      0.3911000   1153.0000000
     16.9628000      7.8085000      0.2614000   1392.0000000
     16.9560000      7.4695000      0.4222000   1431.0000000
     19.7819000      8.3680000      0.2870000   1669.0000000
     19.7735000      7.9410000      0.4585000   1708.0000000
     23.9633000     12.3915000      0.3140000   1946.0000000
     29.5366000      8.4080000      0.4025000   2225.0000000
     32.1671000      9.7100000      0.4305000   2502.0000000
