      2.7281000      0.5050000      1.5332000    144.0000000
      2.4432000      0.5165000      1.9359000    158.0000000
      2.1066000      0.5305000      2.4151000    172.0000000
      6.3232000      3.1305000      1.7909000    436.0000000
      6.4138000      3.3785000      2.2177000    450.0000000
      8.8097000      7.2650000      1.5559000    715.0000000
      9.1370000      7.6305000      1.9345000    728.0000000
      9.5404000      8.0815000      2.3897000    742.0000000
     14.2287000      5.8680000      1.5717000    979.0000000
     14.4322000      6.2215000      1.9800000    993.0000000
     14.6732000      6.6415000      2.4642000   1007.0000000
     16.4337000      8.9010000      1.5527000   1258.0000000
     16.6319000      8.9655000      1.9779000   1272.0000000
     16.8657000      9.0405000      2.4930000   1286.0000000
     18.6451000      6.7110000      1.7843000   1535.0000000
     18.8534000      8.1020000      2.2041000   1549.0000000
     21.5481000      5.5565000      1.5927000   1798.0000000
     21.8110000      7.2520000      1.9620000   1813.0000000
     21.8110000      7.2520000      2.4831000   1827.0000000
     27.2391000      7.5005000      1.8337000   2076.0000000
     27.0466000      7.6225000      2.3009000   2090.0000000
     30.0865000      8.6345000      1.5430000   2340.0000000
     30.3429000      8.7170000      1.9782000   2354.0000000
     30.2897000      8.9380000      2.4903000   2368.0000000
     32.8374000     11.1730000      1.6298000   2617.0000000
     33.1475000     11.7120000      2.0849000   2631.0000000
