      0.8720552     -0.7736281      0.2832960     -0.0109322     12.7878017      9.4919679      0.0000000      0.7910797      8.5154537    -11.9967220     -0.9765143
      0.4057318     -0.9377716     -0.2473040     -0.1790728     14.0028199     10.5957480      0.5000000      1.5318419      9.6282180    -12.4709780     -0.9675300
     -0.0605915     -1.1019151     -0.6082612     -0.5120456     15.2178382     11.6995281      1.0000000      5.7376656     11.0455387     -9.4801725     -0.6539894
     -0.5269149     -1.2660587     -0.8684179     -0.9069252     16.4328564     12.8033082      1.5000000     11.4787982     12.5393033     -4.9540583     -0.2640049
     -0.9932382     -1.4302022     -1.1466271     -1.2591681     17.6478747     13.9070883      2.0000000     16.1868083     13.8547026     -1.4610664     -0.0523857
     -1.4595616     -1.5943458     -1.5059501     -1.5317180     18.8628929     15.0108684      2.5000000     18.9107554     14.9578685      0.0478625     -0.0529999
     -1.9258850     -1.7584894     -1.9336864     -1.7423620     20.0779112     16.1146485      3.0000000     20.3398936     15.9925894      0.2619825     -0.1220591
     -2.3922083     -1.9226328     -2.3921945     -1.9211448     21.2929294     17.2184286      3.5000000     21.4171555     17.0782029      0.1242261     -0.1402257
     -2.8585317     -2.0867765     -2.8580353     -2.0879865     22.5079476     18.3222087      4.0000000     22.5501778     18.2226964      0.0422302     -0.0995124
     -3.3248549     -2.2509201     -3.3243809     -2.2517540     23.7229659     19.4259888      4.5000000     23.7526003     19.3797876      0.0296344     -0.0462012
     -3.7911782     -2.4150634     -3.7906988     -2.4153037     24.9379841     20.5297689      5.0000000     24.9670840     20.5190088      0.0290998     -0.0107601
     -4.2575016     -2.5792069     -4.2571049     -2.5791383     26.1530024     21.6335490      5.5000000     26.1771720     21.6395631      0.0241697      0.0060141
     -4.7238250     -2.7433505     -4.7235131     -2.7431512     27.3680206     22.7373291      6.0000000     27.3876694     22.7508715      0.0196488      0.0135423
     -5.1901484     -2.9074941     -5.1898832     -2.9072449     28.5830389     23.8411092      6.5000000     28.6003385     23.8577896      0.0172996      0.0166804
     -5.6564717     -3.0716376     -5.6562519     -3.0714023     29.7980571     24.9448893      7.0000000     29.8126426     24.9606247      0.0145855      0.0157353
     -6.1227951     -3.2357812     -6.1226406     -3.2356091     31.0130754     26.0486694      7.5000000     31.0233723     26.0601743      0.0102969      0.0115049
     -6.5891185     -3.3999248     -6.5890322     -3.3998275     32.2280936     27.1524495      8.0000000     32.2338476     27.1589511      0.0057540      0.0065016
     -7.0554419     -3.5640683     -7.0554042     -3.5640256     33.4431119     28.2562296      8.5000000     33.4456174     28.2590718      0.0025056      0.0028421
     -7.5217652     -3.7282119     -7.5217524     -3.7281973     34.6581301     29.3600097      9.0000000     34.6589778     29.3609727      0.0008477      0.0009630
     -7.9880886     -3.8923554     -7.9880853     -3.8923516     35.8731483     30.4637899      9.5000000     35.8733712     30.4640432      0.0002229      0.0002533
     -8.4544115     -4.0564990     -8.4544115     -4.0564981     37.0881666     31.5675700     10.0000000     37.0882122     31.5676218      0.0000456      0.0000518
     -8.9207354     -4.2206426     -8.9207354     -4.2206426     38.3031848     32.6713501     10.5000000     38.3031921     32.6713583      0.0000072      0.0000082
     -9.3870583     -4.3847861     -9.3870583     -4.3847861     39.5182031     33.7751302     11.0000000     39.5182040     33.7751312      0.0000009      0.0000010
     -9.8533821     -4.5489297     -9.8533821     -4.5489297     40.7332213     34.8789103     11.5000000     40.7332214     34.8789104      0.0000001      0.0000001
