     0.000     0.000     0.248     0.000
     0.002     0.087     0.395    39.000
     0.540     0.161     0.557    78.000
     1.212     0.254     0.726   101.000
     2.020     0.367     0.951   116.000
     2.961     0.496     1.214   130.000
     2.728     0.505     1.533   144.000
     2.443     0.516     1.936   158.000
     2.107     0.530     2.415   172.000
     1.693     0.546     2.994   185.000
     1.720     0.979     3.679   199.000
     1.753     1.522     4.466   212.000
     1.794     2.193     5.429   226.000
     1.846     3.039     6.571   240.000
     5.061     1.565     0.239   278.000
     5.065     1.750     0.379   317.000
     5.268     1.931     0.529   356.000
     5.523     2.159     0.691   378.000
     5.827     2.431     0.898   393.000
     6.183     2.750     1.136   408.000
     6.246     2.921     1.427   422.000
     6.323     3.131     1.791   436.000
     6.414     3.379     2.218   450.000
     6.525     3.682     2.723   463.000
     6.330     5.299     3.129   477.000
     6.330     5.299     3.904   491.000
     6.330     5.299     4.914   505.000
     6.330     5.299     6.235   519.000
     8.422     2.248     0.246   557.000
     8.437     2.932     0.379   596.000
     8.412     3.619     0.520   635.000
     8.383     4.475     0.653   657.000
     8.347     5.503     0.818   672.000
     8.305     6.702     0.982   686.000
     8.532     6.955     1.236   700.000
     8.810     7.265     1.556   715.000
     9.137     7.631     1.935   728.000
     9.540     8.082     2.390   742.000
     9.722     8.137     3.013   756.000
     9.949     8.207     3.780   769.000
    10.230     8.295     4.792   783.000
    10.583     8.405     6.126   797.000
    12.595     4.106     0.254   835.000
    12.600     4.336     0.400   874.000
    12.866     4.562     0.566   913.000
    13.198     4.845     0.744   936.000
    13.596     5.182     0.976   951.000
    14.062     5.577     1.247   965.000
    14.229     5.868     1.572   979.000
    14.432     6.221     1.980   993.000
    14.673     6.641     2.464  1007.000
    14.969     7.157     3.046  1021.000
    15.143     7.269     3.835  1034.000
    15.359     7.408     4.803  1048.000
    15.627     7.580     6.073  1062.000
    15.965     7.797     7.741  1076.000
    14.986     7.309     0.246  1114.000
    14.991     7.549     0.391  1153.000
    15.224     7.785     0.554  1193.000
    15.516     8.081     0.721  1214.000
    15.865     8.437     0.952  1229.000
    16.272     8.848     1.221  1244.000
    16.434     8.901     1.553  1258.000
    16.632     8.966     1.978  1272.000
    16.866     9.040     2.493  1286.000
    17.153     9.134     3.128  1299.000
    17.650     9.915     3.929  1313.000
    18.271    10.891     4.918  1327.000
    19.041    12.102     6.245  1340.000
    20.010    13.626     8.034  1354.000
    16.963     7.809     0.261  1392.000
    16.956     7.470     0.422  1431.000
    17.232     7.125     0.608  1470.000
    17.578     6.694     0.809  1492.000
    17.992     6.178     1.096  1507.000
    18.475     5.574     1.443  1521.000
    18.645     6.711     1.784  1535.000
    18.853     8.102     2.204  1549.000
    19.099     9.745     2.676  1563.000
    19.099     9.745     3.324  1577.000
    19.687     8.901     4.351  1590.000
    19.687     8.901     5.428  1604.000
    19.687     8.901     6.832  1618.000
    19.687     8.901     8.654  1632.000
    19.782     8.368     0.287  1669.000
    19.774     7.941     0.459  1708.000
    20.096     7.508     0.667  1747.000
    20.499     6.966     0.889  1769.000
    20.983     6.316     1.207  1784.000
    21.548     5.556     1.593  1798.000
    21.811     7.252     1.962  1813.000
    21.811     7.252     2.483  1827.000
    21.811     7.252     3.106  1840.000
    21.811     7.252     3.862  1854.000
    21.811     7.252     4.847  1867.000
    21.811     7.252     6.048  1881.000
    21.811     7.252     7.611  1895.000
    21.811     7.252     9.640  1908.000
    23.963    12.392     0.314  1946.000
    23.949    11.649     0.506  1985.000
    24.547    10.895     0.731  2024.000
    25.295     9.951     0.998  2047.000
    26.192     8.819     1.367  2062.000
    27.239     7.500     1.834  2076.000
    27.047     7.623     2.301  2090.000
    26.811     7.772     2.884  2105.000
    26.532     7.950     3.567  2118.000
    26.189     8.168     4.374  2132.000
    25.470     8.188     5.366  2145.000
    24.572     8.212     6.504  2159.000
    23.458     8.242     7.890  2173.000
    22.057     8.280     9.546  2187.000
    29.537     8.408     0.403  2225.000
    29.538     8.457     0.631  2264.000
    29.684     8.505     0.892  2303.000
    29.867     8.564     1.174  2325.000
    30.087     8.635     1.543  2340.000
    30.343     8.717     1.978  2354.000
    30.290     8.938     2.490  2368.000
    30.225     9.209     3.134  2383.000
    30.147     9.528     3.896  2396.000
    30.053     9.922     4.804  2410.000
    29.246    10.638     5.848  2424.000
    28.239    11.533     7.013  2437.000
    26.989    12.642     8.373  2451.000
    26.989    12.642    10.605  2464.000
    32.167     9.710     0.430  2502.000
    32.173    10.021     0.671  2541.000
    32.350    10.328     0.953  2580.000
    32.572    10.712     1.236  2602.000
    32.837    11.173     1.630  2617.000
    33.148    11.712     2.085  2631.000
    33.222    11.919     2.636  2645.000
    33.312    12.172     3.335  2660.000
    33.420    12.471     4.173  2673.000
    33.552    12.839     5.185  2687.000
    33.348    13.049     6.467  2701.000
    33.093    13.309     7.994  2714.000
    32.776    13.631     9.947  2728.000
    32.378    14.039    12.423  2742.000
  nobs=         140
  obs xmin/max=  0.000000000000000E+000   33.5520000000000     
  obs ymin/max=  0.000000000000000E+000   14.0385000000000     
  obs zmin/max=  0.238800000000000        12.4234000000000     
  obs tmin/max=  0.000000000000000E+000   2742.00000000000     
  dt=   91.0000000000000        2742.01000000000     
  b=
  0.8720551E+00  0.3506428E+02
  0.3651074E+02  0.4749292E+02
 -0.1125235E+02  0.1216857E+03
  0.3135815E+02  0.5121556E+02
  var=  0.617616479410544     
  b=
 -0.7736281E+00  0.2602707E+02
  0.1091138E+02  0.1034123E+02
 -0.5041360E+01  0.1047180E+03
  0.1551007E+02  0.5141969E+02
  var=   1.34748191597715     
  sig=   3.37500039922307       5.434810832156363E-006   620996.848547896     
  sig=   7.36339161271921       1.185737355973599E-005   620996.848553631     
 loop=           1         140  0.121330186370494     
  rms=  0.121330186370494       0.785885792854499        1.16081088725819     
