KFDR 2013  4 18  1 15 35     0.540     4.800  1000.000  34.17050 -98.96500   0.68459   21323.6     177.0 -175632.2  -87593.0     628.0     186.1       0.0       0.0
KFDR 2013  4 18  1 16 14     0.940     5.800  1000.000  34.17130 -98.96500   1.08450   21237.4     177.0 -175630.2  -87506.5     775.4     185.3       0.0       0.0
KFDR 2013  4 18  1 16 53     1.380     8.000  1000.000  34.17210 -98.95900   1.52476   21188.0     175.5 -175092.4  -87432.5     937.4     221.9       0.0       0.0
KFDR 2013  4 18  1 17 16     1.840     1.200  1000.000  34.17310 -98.95150   1.98507   21147.7     173.6 -174419.8  -87339.5    1106.3     369.1       0.0       0.0
KFDR 2013  4 18  1 17 31     2.450    -4.300  1000.000  34.17430 -98.94250   2.59576   21132.2     171.4 -173612.4  -87226.0    1330.8     368.8       0.0       0.0
KFDR 2013  4 18  1 17 45     3.160    13.500  1000.000  34.17570 -98.93200   3.30683   21159.3     168.7 -172671.0  -87096.5    1594.3     369.3       0.0       0.0
KFDR 2013  4 18  1 17 59     4.030    -3.600  1000.000  34.17574 -98.93461   4.17770   21130.8     169.3 -172904.1  -87088.0    1913.2     368.8       0.0       0.0
KFDR 2013  4 18  1 18 13     5.130    -1.200  1000.000  34.17578 -98.93780   5.27885   21107.0     170.1 -173189.0  -87076.5    2315.9     368.4       0.0       0.0
KFDR 2013  4 18  1 18 27     6.440     2.000  1000.000  34.17583 -98.94157   6.59036   21094.4     171.1 -173525.6  -87062.5    2795.1     368.2       0.0       0.0
KFDR 2013  4 18  1 18 40     8.020    -4.500  1000.000  34.17590 -98.94620   8.17170   21100.3     172.2 -173939.3  -87047.0    3373.6     368.3       0.0       0.0
KFDR 2013  4 18  1 18 54    10.060    -6.200  1000.000  34.17992 -98.94601  10.21195   20775.1     172.0 -173912.7  -86614.0    4058.5     362.6       0.0       0.0
KFDR 2013  4 18  1 19  7    12.510    -7.000  1000.000  34.18494 -98.94577  12.66146   20391.9     171.7 -173879.6  -86071.5    4846.4     355.9       0.0       0.0
KFDR 2013  4 18  1 19 21    15.630    -6.800  1000.000  34.19117 -98.94547  15.78093   19968.0     171.3 -173838.1  -85400.0    5808.9     348.5       0.0       0.0
KFDR 2013  4 18  1 19 35    19.540    -6.500  1000.000  34.19900 -98.94510  19.69055   19500.3     170.8 -173786.0  -84554.0    6950.7     340.3       0.0       0.0
KFDR 2013  4 18  1 20 13     0.540     2.800  1000.000  34.18600 -98.90877   0.67937   20551.3     162.2 -170570.9  -86028.0     618.8     179.3       0.0       0.0
KFDR 2013  4 18  1 20 52     0.940     3.500  1000.000  34.18772 -98.90877   1.07866   20371.3     162.1 -170566.9  -85843.0     759.1     177.8       0.0       0.0
KFDR 2013  4 18  1 21 31     1.370     4.500  1000.000  34.18945 -98.90654   1.50849   20256.9     161.3 -170363.8  -85661.5     909.1     176.8       0.0       0.0
KFDR 2013  4 18  1 21 53     1.840     5.000  1000.000  34.19160 -98.90375   1.97819   20119.3     160.4 -170109.3  -85434.0    1070.7     351.1       0.0       0.0
KFDR 2013  4 18  1 22  8     2.450     3.500  1000.000  34.19418 -98.90041   2.58790   19963.5     159.3 -169804.8  -85162.0    1278.0     348.4       0.0       0.0
KFDR 2013  4 18  1 22 23     3.160     0.200  1000.000  34.19720 -98.89650   3.29765   19793.8     158.0 -169448.8  -84843.5    1515.6     345.5       0.0       0.0
KFDR 2013  4 18  1 22 37     4.030     5.100  1000.000  34.19880 -98.89584   4.16787   19671.5     157.6 -169385.8  -84672.0    1807.1     343.3       0.0       0.0
KFDR 2013  4 18  1 22 51     5.130     0.800  1000.000  34.20075 -98.89503   5.26826   19529.9     157.2 -169309.0  -84462.5    2170.9     340.9       0.0       0.0
KFDR 2013  4 18  1 23  5     6.440     4.000  1000.000  34.20306 -98.89407   6.57882   19373.1     156.7 -169218.4  -84214.5    2597.7     338.1       0.0       0.0
KFDR 2013  4 18  1 23 18     8.020     1.000  1000.000  34.20590 -98.89290   8.15896   19194.0     156.0 -169106.9  -83911.0    3102.8     335.0       0.0       0.0
KFDR 2013  4 18  1 23 32    10.060    -1.000  1000.000  34.22082 -98.89548  10.19099   17672.0     154.5 -169302.5  -82294.0    3509.0     308.4       0.0       0.0
KFDR 2013  4 18  1 23 46    12.510     1.500  1000.000  34.22082 -98.89548  12.64443   17825.5     154.5 -169302.5  -82294.0    4284.2     311.1       0.0       0.0
KFDR 2013  4 18  1 24  0    15.630     1.000  1000.000  34.22082 -98.89548  15.76902   18073.3     154.5 -169302.5  -82294.0    5293.8     315.4       0.0       0.0
KFDR 2013  4 18  1 24 14    19.570     0.500  1000.000  34.22082 -98.89548  19.71429   18476.1     154.5 -169302.5  -82294.0    6614.7     322.5       0.0       0.0
KFDR 2013  4 18  1 24 52     0.540     0.200  1000.000  34.19300 -98.87133   0.68338   21153.2     152.6 -167209.9  -85345.0     626.0     184.6       0.0       0.0
KFDR 2013  4 18  1 25 31     0.930     5.000  1000.000  34.19934 -98.87133   1.06972   20531.7     151.7 -167195.4  -84661.0     758.5     179.2       0.0       0.0
KFDR 2013  4 18  1 26 10     1.370     4.000  1000.000  34.20568 -98.87177   1.50602   19897.0     150.9 -167219.7  -83974.5     899.7     173.6       0.0       0.0
KFDR 2013  4 18  1 26 32     1.830    -2.000  1000.000  34.21360 -98.87230   1.96133   19111.2     149.7 -167249.2  -83118.0    1032.6     333.6       0.0       0.0
KFDR 2013  4 18  1 26 47     2.450     1.200  1000.000  34.22311 -98.87295   2.57591   18181.3     148.2 -167285.3  -82090.5    1197.7     317.3       0.0       0.0
KFDR 2013  4 18  1 27  1     3.160     2.500  1000.000  34.23420 -98.87370   3.27963   17115.4     146.2 -167327.2  -80891.0    1362.0     298.7       0.0       0.0
KFDR 2013  4 18  1 27 15     4.030     0.200  1000.000  34.23659 -98.87122   4.15018   17041.0     145.1 -167100.4  -80638.0    1616.3     297.4       0.0       0.0
KFDR 2013  4 18  1 27 30     5.130    -0.800  1000.000  34.23951 -98.86819   5.25100   16965.7     143.7 -166822.5  -80328.0    1935.9     296.1       0.0       0.0
KFDR 2013  4 18  1 27 43     6.440    -2.500  1000.000  34.24295 -98.86461   6.56210   16897.5     142.0 -166495.2  -79962.5    2314.5     294.9       0.0       0.0
KFDR 2013  4 18  1 27 57     8.020    -3.200  1000.000  34.24720 -98.86020   8.14334   16844.5     139.9 -166091.8  -79511.5    2769.7     294.0       0.0       0.0
KFDR 2013  4 18  1 28 11    10.060    -2.000  1000.000  34.24776 -98.85818  10.18692   17015.5     139.3 -165910.7  -79456.0    3392.8     297.0       0.0       0.0
KFDR 2013  4 18  1 28 24    12.510    -1.500  1000.000  34.24845 -98.85566  12.64091   17259.7     138.5 -165683.7  -79386.0    4160.4     301.2       0.0       0.0
KFDR 2013  4 18  1 28 38    15.630    -1.200  1000.000  34.24931 -98.85253  15.76605   17624.9     137.6 -165402.5  -79298.0    5171.9     307.6       0.0       0.0
KFDR 2013  4 18  1 28 52    19.540     5.000  1000.000  34.25040 -98.84860  19.68264   18181.5     136.4 -165049.2  -79188.0    6506.4     317.3       0.0       0.0
KFDR 2013  4 18  1 29 30     0.540    -0.200  1000.000  34.21100 -98.82507   0.68802   21835.9     140.2 -163037.0  -83487.5     634.1     190.6       0.0       0.0
KFDR 2013  4 18  1 30  9     0.930    -1.000  1000.000  34.21314 -98.82507   1.07734   21655.6     139.8 -163032.2  -83257.0     779.6     189.0       0.0       0.0
KFDR 2013  4 18  1 30 48     1.370     1.000  1000.000  34.21528 -98.82215   1.51789   21653.3     138.9 -162766.4  -83030.5     946.0     189.0       0.0       0.0
KFDR 2013  4 18  1 31 11     1.840    -1.200  1000.000  34.21795 -98.81850   1.98856   21660.1     137.7 -162434.1  -82748.5    1124.0     415.8       0.0       0.0
KFDR 2013  4 18  1 31 26     2.450    -3.600  1000.000  34.22116 -98.81412   2.59948   21682.5     136.3 -162035.8  -82411.0    1355.8     378.4       0.0       0.0
KFDR 2013  4 18  1 31 40     3.160    -3.300  1000.000  34.22490 -98.80900   3.31067   21729.3     134.6 -161570.3  -82016.0    1627.2     379.2       0.0       0.0
KFDR 2013  4 18  1 31 54     4.030    -3.100  1000.000  34.22762 -98.80720   4.18126   21658.2     133.7 -161403.5  -81725.0    1951.7     378.0       0.0       0.0
KFDR 2013  4 18  1 32  8     5.130    -3.000  1000.000  34.23094 -98.80500   5.28207   21586.0     132.6 -161200.0  -81371.5    2360.0     376.7       0.0       0.0
KFDR 2013  4 18  1 32 22     6.440    -2.500  1000.000  34.23487 -98.80240   6.59324   21521.6     131.3 -160959.0  -80951.5    2844.2     338.1       0.0       0.0
KFDR 2013  4 18  1 32 36     8.020     0.500  1000.000  34.23970 -98.79920   8.17459   21470.4     129.7 -160662.9  -80436.0    3426.2     374.7       0.0       0.0
KFDR 2013  4 18  1 32 49    10.060     0.800  1000.000  34.24076 -98.79729  10.21777   21656.3     129.2 -160489.6  -80324.5    4214.8     378.0       0.0       0.0
KFDR 2013  4 18  1 33  3    12.510     0.000  1000.000  34.24209 -98.79490  12.67145   21924.8     128.5 -160273.4  -80185.0    5182.5     382.7       0.0       0.0
KFDR 2013  4 18  1 33 17    15.630     3.200  1000.000  34.24373 -98.79193  15.79641   22335.7     127.7 -160004.8  -80013.5    6453.1     389.8       0.0       0.0
KFDR 2013  4 18  1 33 31    19.540    11.200  1000.000  34.24580 -98.78820  19.71307   22972.2     126.6 -159667.2  -79796.0    8121.1     400.9       0.0       0.0
KFDR 2013  4 18  1 34  9     0.540     5.500  1000.000  34.24110 -98.79905   0.68350   21165.2     129.4 -160646.2  -80284.5     626.1     184.7       0.0       0.0
KFDR 2013  4 18  1 34 48     0.940     7.000  1000.000  34.24333 -98.79905   1.08301   21010.6     128.9 -160641.2  -80044.0     771.1     183.4       0.0       0.0
KFDR 2013  4 18  1 35 28     1.380    10.000  1000.000  34.24556 -98.79649   1.52379   21043.9     127.9 -160408.1  -79807.5     933.6     183.6       0.0       0.0
KFDR 2013  4 18  1 35 49     1.830    13.000  1000.000  34.24835 -98.79330   1.97469   21093.6     126.8 -160116.6  -79512.5    1100.7     368.2       0.0       0.0
KFDR 2013  4 18  1 36  4     2.450    -4.800  1000.000  34.25170 -98.78947   2.59599   21167.0     125.4 -159767.3  -79156.5    1332.4     332.5       0.0       0.0
KFDR 2013  4 18  1 36 19     3.160     6.500  1000.000  34.25560 -98.78500   3.30757   21270.8     123.8 -159360.4  -78744.5    1600.7     371.2       0.0       0.0
KFDR 2013  4 18  1 36 33     4.030     4.300  1000.000  34.25611 -98.78320   4.17948   21398.1     123.4 -159198.5  -78692.0    1932.7     373.5       0.0       0.0
KFDR 2013  4 18  1 36 47     5.130     4.700  1000.000  34.25674 -98.78100   5.28190   21563.7     123.0 -159000.3  -78627.5    2357.9     376.4       0.0       0.0
KFDR 2013  4 18  1 37  1     6.440    -2.300  1000.000  34.25748 -98.77840   6.59497   21772.5     122.4 -158766.5  -78552.5    2873.0     380.0       0.0       0.0
KFDR 2013  4 18  1 37 14     8.020     2.800  1000.000  34.25840 -98.77520   8.17807   22046.9     121.8 -158479.2  -78459.0    3508.2     384.8       0.0       0.0
KFDR 2013  4 18  1 37 28    10.060     3.500  1000.000  34.26572 -98.76981  10.22126   22185.9     119.3 -157981.8  -77678.5    4308.8     387.2       0.0       0.0
KFDR 2013  4 18  1 37 42    12.510     0.200  1000.000  34.27488 -98.76307  12.67497   22452.5     116.2 -157360.7  -76702.0    5298.3     391.9       0.0       0.0
KFDR 2013  4 18  1 37 55    15.640     1.000  1000.000  34.28622 -98.75471  15.81071   22951.4     112.4 -156590.8  -75491.0    6624.6     400.6       0.0       0.0
KFDR 2013  4 18  1 38  9    19.540     7.800  1000.000  34.30050 -98.74420  19.71855   23841.4     107.7 -155622.1  -73967.5    8414.3     416.1       0.0       0.0
KFDR 2013  4 18  1 38 47     0.540    11.300  1000.000  34.24610 -98.77703   0.69209   22439.3     125.0 -158669.4  -79784.5     641.4     195.8       0.0       0.0
KFDR 2013  4 18  1 39 26     0.940    10.300  1000.000  34.24296 -98.77703   1.09401   22644.4     125.7 -158676.2  -80123.5     802.2     237.1       0.0       0.0
KFDR 2013  4 18  1 40  5     1.380    10.300  1000.000  34.23982 -98.77386   1.53760   23089.2     126.0 -158400.4  -80468.0     988.2     201.5       0.0       0.0
KFDR 2013  4 18  1 40 27     1.830    12.300  1000.000  34.23590 -98.76990   1.99195   23647.2     126.3 -158054.7  -80899.5    1189.1     412.7       0.0       0.0
KFDR 2013  4 18  1 40 42     2.450    19.300  1000.000  34.23119 -98.76514   2.61726   24321.3     126.7 -157640.5  -81415.5    1475.9     424.5       0.0       0.0
KFDR 2013  4 18  1 40 56     3.160    17.000  1000.000  34.22570 -98.75960   3.33346   25113.4     127.1 -157157.0  -82019.0    1823.3     438.3       0.0       0.0
KFDR 2013  4 18  1 41 10     4.030     6.800  1000.000  34.23626 -98.75795   4.20085   24568.2     124.7 -156987.1  -80882.0    2164.3     471.7       0.0       0.0
KFDR 2013  4 18  1 41 24     5.140     8.000  1000.000  34.24917 -98.75593   5.30808   23971.7     121.6 -156778.8  -79491.0    2584.1     418.4       0.0       0.0
KFDR 2013  4 18  1 41 38     6.440     6.500  1000.000  34.26442 -98.75354   6.60536   23369.7     117.8 -156532.8  -77847.5    3056.5     407.9       0.0       0.0
KFDR 2013  4 18  1 41 52     8.010     5.800  1000.000  34.26442 -98.75354   8.17749   23453.1     117.8 -156532.8  -77847.5    3704.3     409.3       0.0       0.0
KFDR 2013  4 18  1 42  5    10.060     9.000  1000.000  34.25671 -98.74677  10.23699   24561.1     118.9 -155945.3  -78692.0    4730.6     428.7       0.0       0.0
KFDR 2013  4 18  1 42 19    12.510     8.800  1000.000  34.25671 -98.74677  12.69024   24775.3     118.9 -155945.3  -78692.0    5808.3     432.4       0.0       0.0
KFDR 2013  4 18  1 42 33    15.630    11.000  1000.000  34.25671 -98.74677  15.81487   25121.0     118.9 -155945.3  -78692.0    7211.7     438.4       0.0       0.0
KFDR 2013  4 18  1 42 47    19.540    12.500  1000.000  34.25671 -98.74677  19.73011   25677.5     118.9 -155945.3  -78692.0    9034.0     448.2       0.0       0.0
KFDR 2013  4 18  1 43 24     0.540    24.300  1000.000  34.25180 -98.74559   0.70625   24535.8     119.9 -155850.3  -79225.0     667.0     214.1       0.0       0.0
KFDR 2013  4 18  1 44  3     0.930    12.800  1000.000  34.24784 -98.74559   1.09826   24761.6     120.8 -155858.7  -79652.0     838.5     216.1       0.0       0.0
KFDR 2013  4 18  1 44 42     1.380     9.500  1000.000  34.24389 -98.74188   1.55239   25285.3     121.2 -155536.1  -80085.0    1047.4     220.7       0.0       0.0
KFDR 2013  4 18  1 45  4     1.830    12.800  1000.000  34.23895 -98.73725   2.00742   25942.7     121.8 -155133.2  -80627.0    1269.2     452.8       0.0       0.0
KFDR 2013  4 18  1 45 19     2.450    19.500  1000.000  34.23302 -98.73169   2.63355   26739.1     122.4 -154649.2  -81277.0    1586.6     466.7       0.0       0.0
KFDR 2013  4 18  1 45 33     3.160    13.000  1000.000  34.22610 -98.72520   3.35073   27677.2     123.1 -154084.1  -82036.5    1972.7     483.1       0.0       0.0
KFDR 2013  4 18  1 45 48     4.030    10.600  1000.000  34.24184 -98.72263   4.21711   26988.9     119.7 -153821.2  -80341.0    2342.0     471.0       0.0       0.0
KFDR 2013  4 18  1 46  2     5.130     9.600  1000.000  34.24184 -98.72263   5.31861   27032.2     119.7 -153821.2  -80341.0    2863.1     471.8       0.0       0.0
KFDR 2013  4 18  1 46 15     6.440    10.800  1000.000  34.24184 -98.72263   6.63016   27097.1     119.7 -153821.2  -80341.0    3486.1     472.9       0.0       0.0
KFDR 2013  4 18  1 46 29     8.020    10.500  1000.000  34.24184 -98.72263   8.21280   27194.7     119.7 -153821.2  -80341.0    4242.0     474.6       0.0       0.0
KFDR 2013  4 18  1 46 42    10.060     7.800  1000.000  34.24184 -98.72263  10.25562   27352.8     119.7 -153821.2  -80341.0    5227.2     477.4       0.0       0.0
KFDR 2013  4 18  1 46 56    12.510     5.200  1000.000  34.24184 -98.72263  12.70903   27591.8     119.7 -153821.2  -80341.0    6427.5     481.6       0.0       0.0
KFDR 2013  4 18  1 47 10    15.630    10.800  1000.000  34.24184 -98.72263  15.83333   27977.3     119.7 -153821.2  -80341.0    7990.6     488.3       0.0       0.0
KFDR 2013  4 18  1 47 23    19.540    11.500  1000.000  34.24184 -98.72263  19.74837   28597.8     119.7 -153821.2  -80341.0   10020.3     499.1       0.0       0.0
KFDR 2013  4 18  1 48  1     0.540     3.500  1000.000  34.28980 -98.69964   0.72086   26707.2     107.4 -151668.9  -75201.5     694.0     233.1       0.0       0.0
KFDR 2013  4 18  1 48 40     0.940     3.800  1000.000  34.28292 -98.69964   1.12307   26950.9     109.0 -151683.2  -75944.0     885.5     235.2       0.0       0.0
KFDR 2013  4 18  1 49 19     1.370     6.500  1000.000  34.27605 -98.69278   1.55938   27806.8     110.0 -151085.5  -76698.0    1111.2     242.7       0.0       0.0
KFDR 2013  4 18  1 49 42     1.840     7.800  1000.000  34.26745 -98.68420   2.03729   28891.7     111.3 -150337.2  -77642.0    1378.0     504.3       0.0       0.0
KFDR 2013  4 18  1 49 57     2.450     8.300  1000.000  34.25713 -98.67390   2.65696   30214.2     112.6 -149439.8  -78773.5    1747.0     527.3       0.0       0.0
KFDR 2013  4 18  1 50 11     3.160     8.600  1000.000  34.24510 -98.66190   3.37834   31782.8     114.1 -148393.1  -80092.5    2213.7     610.2       0.0       0.0
KFDR 2013  4 18  1 50 25     4.030     8.500  1000.000  34.24620 -98.66409   4.24796   31581.2     114.0 -148585.6  -79970.5    2680.9     551.2       0.0       0.0
KFDR 2013  4 18  1 50 40     5.130     6.600  1000.000  34.24755 -98.66676   5.34756   31345.6     114.0 -148821.3  -79820.5    3264.0     547.1       0.0       0.0
KFDR 2013  4 18  1 50 53     6.440     5.000  1000.000  34.24914 -98.66991   6.65727   31081.3     113.9 -149100.0  -79642.5    3947.1     542.5       0.0       0.0
KFDR 2013  4 18  1 51  7     8.020     2.200  1000.000  34.25110 -98.67380   8.23653   30774.6     113.8 -149442.7  -79424.5    4754.1     537.1       0.0       0.0
KFDR 2013  4 18  1 51 20    10.060     5.500  1000.000  34.25115 -98.68185  10.27483   30264.9     114.4 -150161.8  -79405.5    5746.1     528.2       0.0       0.0
KFDR 2013  4 18  1 51 34    12.510     6.800  1000.000  34.25122 -98.69192  12.72254   29665.9     115.1 -151060.0  -79381.5    6884.0     517.8       0.0       0.0
KFDR 2013  4 18  1 51 48    15.630    11.200  1000.000  34.25130 -98.70440  15.83989   29001.8     116.1 -152174.1  -79351.5    8270.1     506.2       0.0       0.0
KFDR 2013  4 18  1 52  2    19.570     8.500  1000.000  34.25140 -98.72010  19.77638   28276.4     117.5 -153575.6  -79312.5    9925.7     493.5       0.0       0.0
KFDR 2013  4 18  1 52 40     0.540     2.800  1000.000  34.25390 -98.63637   0.76681   33519.1     110.9 -146095.6  -79185.0     782.5     292.5       0.0       0.0
KFDR 2013  4 18  1 53 19     0.930     3.800  1000.000  34.25436 -98.63637   1.15722   33504.5     110.8 -146094.6  -79135.5    1010.6     292.4       0.0       0.0
KFDR 2013  4 18  1 53 58     1.370     5.000  1000.000  34.25482 -98.63474   1.59865   33632.5     110.7 -145948.0  -79088.0    1271.8     293.5       0.0       0.0
KFDR 2013  4 18  1 54 20     1.840     3.500  1000.000  34.25540 -98.63270   2.07032   33793.7     110.5 -145765.0  -79029.0    1553.7     589.8       0.0       0.0
KFDR 2013  4 18  1 54 35     2.450     6.000  1000.000  34.25609 -98.63026   2.68242   33992.2     110.2 -145545.7  -78958.5    1923.0     593.3       0.0       0.0
KFDR 2013  4 18  1 54 49     3.160     6.200  1000.000  34.25690 -98.62740   3.39481   34229.9     109.9 -145289.3  -78876.0    2358.2     597.4       0.0       0.0
KFDR 2013  4 18  1 55  3     4.030     7.800  1000.000  34.25894 -98.62804   4.26514   34131.8     109.6 -145342.5  -78655.0    2870.3     595.7       0.0       0.0
KFDR 2013  4 18  1 55 18     5.130     5.500  1000.000  34.26143 -98.62883   5.36557   34025.5     109.2 -145407.6  -78384.5    3514.2     593.9       0.0       0.0
KFDR 2013  4 18  1 55 31     6.440     5.800  1000.000  34.26437 -98.62976   6.67631   33918.2     108.7 -145484.8  -78065.0    4276.4     592.0       0.0       0.0
KFDR 2013  4 18  1 55 45     8.010    12.500  1000.000  34.26800 -98.63090   8.24695   33810.2     108.1 -145579.0  -77671.0    5183.7     590.1       0.0       0.0
KFDR 2013  4 18  1 55 59    10.060     9.200  1000.000  34.27449 -98.64008  10.29288   32966.0     107.4 -146385.9  -76955.5    6228.3     575.4       0.0       0.0
KFDR 2013  4 18  1 56 12    12.520     4.500  1000.000  34.28260 -98.65156  12.74722   31950.6     106.4 -147393.5  -76060.0    7392.9     557.6       0.0       0.0
KFDR 2013  4 18  1 56 26    15.630    12.000  1000.000  34.29265 -98.66579  15.85120   30769.2     105.0 -148643.3  -74951.0    8752.7     537.0       0.0       0.0
KFDR 2013  4 18  1 56 39    19.540     8.200  1000.000  34.29265 -98.66579  19.76664   31452.4     105.0 -148643.3  -74951.0   10985.3     548.9       0.0       0.0
KFDR 2013  4 18  1 57 17     0.540     4.000  1000.000  34.26640 -98.60718   0.78079   35592.9     107.3 -143465.1  -77883.0     810.5     372.7       0.0       0.0
KFDR 2013  4 18  1 57 56     0.930     2.800  1000.000  34.26928 -98.60718   1.17069   35502.3     106.8 -143459.5  -77572.5    1051.2     309.8       0.0       0.0
KFDR 2013  4 18  1 58 35     1.380     6.800  1000.000  34.27215 -98.60526   1.62186   35586.4     106.2 -143282.2  -77265.0    1332.7     372.7       0.0       0.0
KFDR 2013  4 18  1 58 57     1.830    10.800  1000.000  34.27575 -98.60285   2.07313   35697.1     105.5 -143060.7  -76881.0    1616.4     623.0       0.0       0.0
KFDR 2013  4 18  1 59 12     2.450    11.800  1000.000  34.28006 -98.59997   2.69487   35842.6     104.6 -142794.8  -76420.0    2009.8     625.6       0.0       0.0
KFDR 2013  4 18  1 59 26     3.160     8.000  1000.000  34.28510 -98.59660   3.40692   36027.3     103.6 -142484.7  -75881.0    2464.9     628.8       0.0       0.0
KFDR 2013  4 18  1 59 40     4.030     5.000  1000.000  34.28703 -98.59581   4.27824   36084.2     103.3 -142410.1  -75674.0    3015.7     629.8       0.0       0.0
KFDR 2013  4 18  1 59 55     5.130     7.000  1000.000  34.28939 -98.59485   5.37995   36168.7     102.8 -142319.8  -75421.0    3714.9     631.3       0.0       0.0
KFDR 2013  4 18  2  0  8     6.440     8.500  1000.000  34.29217 -98.59370   6.69188   36290.5     102.3 -142212.2  -75122.0    4552.5     633.4       0.0       0.0
KFDR 2013  4 18  2  0 22     8.010    10.600  1000.000  34.29560 -98.59230   8.26432   36467.2     101.7 -142080.2  -74754.0    5565.2     636.5       0.0       0.0
KFDR 2013  4 18  2  0 36    10.060    17.000  1000.000  34.29750 -98.59463  10.31559   36425.0     101.4 -142284.1  -74544.5    6847.0     635.7       0.0       0.0
KFDR 2013  4 18  2  0 49    12.510    24.200  1000.000  34.29987 -98.59754  12.76660   36421.9     101.1 -142539.5  -74284.5    8374.4     635.7       0.0       0.0
KFDR 2013  4 18  2  1  3    15.630    14.000  1000.000  34.30280 -98.60116  15.88873   36528.0     100.7 -142856.4  -73962.0   10327.5     637.5       0.0       0.0
KFDR 2013  4 18  2  1 17    19.540     8.800  1000.000  34.30650 -98.60570  19.80074   36824.0     100.2 -143254.1  -73554.5   12803.4     642.7       0.0       0.0
