Volume Start Time  Elevation  Lat  Lon
  0.5  37.760599999999997  -100.12676923076924
  0.90000000000000002  37.759061538461538  -100.12676923076924
  1.3  37.757523076923071  -100.12753846153846
  1.8  37.755600000000001  -100.1285
  2.3999999999999999  37.753292307692305  -100.12965384615384
  3.1000000000000001  37.750599999999999  -100.131
  4.0  37.752087755102039  -100.13228571428571
  5.0999999999999996  37.753906122448974  -100.13385714285714
  6.4000000000000004  37.756055102040811  -100.13571428571429
  8.0  37.758699999999997  -100.13800000000001
  10.0  37.75908260869565  -100.13817391304349
  12.5  37.759560869565213  -100.13839130434783
  15.6  37.760153913043474  -100.13866086956521
  19.5  37.760899999999999  -100.139
  0.5  37.739600000000003  -100.09469230769231
  0.90000000000000002  37.742184615384616  -100.09469230769231
  1.3  37.744769230769229  -100.09438461538461
  1.8  37.748000000000005  -100.09399999999999
  2.3999999999999999  37.751876923076921  -100.09353846153846
  3.1000000000000001  37.756399999999999  -100.093
  4.0  37.768448979591838  -100.09520408163266
  5.0999999999999996  37.783175510204082  -100.09789795918368
  6.4000000000000004  37.800579591836737  -100.10108163265306
  8.0  37.822000000000003  -100.105
  10.0  37.813600000000001  -100.10047826086956
  12.5  37.803100000000001  -100.09482608695652
  15.6  37.790079999999996  -100.08781739130434
  19.5  37.773699999999998  -100.07899999999999
  0.5  37.755000000000003  -100.05784615384616
  0.90000000000000002  37.757323076923079  -100.05784615384616
  1.3  37.759646153846155  -100.05569230769231
  1.8  37.762550000000005  -100.053
  2.3999999999999999  37.766034615384612  -100.04976923076924
  3.1000000000000001  37.770099999999999  -100.04600000000001
  4.0  37.771789795918366  -100.04489795918369
  5.0999999999999996  37.773855102040812  -100.04355102040817
  6.4000000000000004  37.776295918367346  -100.04195918367347
  8.0  37.779299999999999  -100.04000000000001
  10.0  37.781891304347823  -100.03947826086957
  12.5  37.785130434782609  -100.03882608695653
  15.6  37.789146956521734  -100.03801739130435
  19.5  37.794199999999996  -100.03700000000001
  0.5  37.785400000000003  -100.01453846153846
  0.90000000000000002  37.786861538461544  -100.01453846153846
  1.3  37.788323076923078  -100.01207692307692
  1.8  37.790149999999997  -100.009
  2.3999999999999999  37.792342307692309  -100.0053076923077
  3.1000000000000001  37.794899999999998  -100.001
  4.0  37.796846938775509  -100.00022857142858
  5.0999999999999996  37.799226530612245  -99.999285714285719
  6.4000000000000004  37.802038775510205  -99.998171428571425
  8.0  37.805500000000002  -99.996799999999993
  10.0  37.808160869565221  -99.994852173913046
  12.5  37.81148695652174  -99.992417391304343
  15.6  37.815611304347826  -99.989398260869564
  19.5  37.820799999999998  -99.985600000000005
  0.5  37.836599999999997  -100.00598461538462
  0.90000000000000002  37.837799999999994  -100.00598461538462
  1.3  37.838999999999999  -100.00296923076924
  1.8  37.840499999999999  -99.999200000000002
  2.3999999999999999  37.842300000000002  -99.994676923076923
  3.1000000000000001  37.8444  -99.989400000000003
  4.0  37.845171428571426  -99.986222448979589
  5.0999999999999996  37.846114285714286  -99.9823387755102
  6.4000000000000004  37.847228571428573  -99.977748979591837
  8.0  37.848599999999998  -99.972099999999998
  10.0  37.84946956521739  -99.966239130434786
  12.5  37.850556521739129  -99.958913043478262
  15.6  37.851904347826085  -99.949828695652172
  19.5  37.8536  -99.938400000000001
  0.5  37.861499999999999  -99.948023076923079
  0.90000000000000002  37.864115384615381  -99.948023076923079
  1.3  37.86673076923077  -99.945746153846159
  1.8  37.870000000000005  -99.942900000000009
  2.3999999999999999  37.873923076923077  -99.939484615384615
  3.1000000000000001  37.878500000000003  -99.935500000000005
  4.0  37.880116326530612  -99.934967346938777
  5.0999999999999996  37.882091836734695  -99.934316326530606
  6.4000000000000004  37.884426530612245  -99.933546938775507
  8.0  37.887300000000003  -99.932599999999994
  10.0  37.886952173913045  -99.935730434782599
  12.5  37.886517391304352  -99.939643478260862
  15.6  37.885978260869564  -99.944495652173913
  19.5  37.885300000000001  -99.950599999999994
  0.5  37.887799999999999  -99.907892307692308
  0.90000000000000002  37.891676923076922  -99.907892307692308
  1.3  37.895553846153845  -99.907384615384615
  1.8  37.900399999999998  -99.906750000000002
  2.3999999999999999  37.906215384615379  -99.90598846153847
  3.1000000000000001  37.912999999999997  -99.905100000000004
  4.0  37.914102040816324  -99.907708163265312
  5.0999999999999996  37.915448979591837  -99.910895918367359
  6.4000000000000004  37.917040816326526  -99.914663265306132
  8.0  37.918999999999997  -99.919300000000007
  10.0  37.923295652173913  -99.909560869565226
  12.5  37.928665217391305  -99.897386956521743
  15.6  37.935323478260869  -99.882291304347831
  19.5  37.9437  -99.863299999999995
  0.5  37.911999999999999  -99.893653846153853
  0.90000000000000002  37.913630769230771  -99.893653846153853
  1.3  37.915261538461536  -99.906207692307689
  1.8  37.917299999999997  -99.921899999999994
  2.3999999999999999  37.919746153846155  -99.940730769230768
  3.1000000000000001  37.922600000000003  -99.962699999999998
  4.0  37.925887755102046  -99.949861224489794
  5.0999999999999996  37.929906122448983  -99.934169387755105
  6.4000000000000004  37.934655102040814  -99.915624489795917
  8.0  37.9405  -99.892799999999994
  10.0  37.944517391304345  -99.888869565217391
  12.5  37.949539130434779  -99.883956521739123
  15.6  37.955766086956523  -99.877864347826076
  19.5  37.9636  -99.870199999999997
  0.5  37.935899999999997  -99.843661538461546
  0.90000000000000002  37.939884615384614  -99.843661538461546
  1.3  37.943869230769231  -99.842123076923087
  1.8  37.948849999999993  -99.84020000000001
  2.3999999999999999  37.954826923076922  -99.837892307692314
  3.1000000000000001  37.961799999999997  -99.8352
  4.0  37.78669489795918  -99.82524489795918
  5.0999999999999996  37.572677551020405  -99.813077551020413
  6.4000000000000004  37.319747959183672  -99.798697959183684
  8.0  37.008450000000003  -99.781000000000006
  10.0  37.168023913043484  -99.796947826086964
  12.5  37.36749130434783  -99.81688260869565
  15.6  37.614830869565218  -99.841601739130439
  19.5  37.926000000000002  -99.872699999999995
  0.5  37.9726  -99.797769230769234
  0.90000000000000002  37.976553846153848  -99.797769230769234
  1.3  37.98050769230769  -99.795738461538463
  1.8  37.98545  -99.793200000000013
  2.3999999999999999  37.991380769230773  -99.790153846153856
  3.1000000000000001  37.9983  -99.786600000000007
  4.0  37.998428571428569  -99.789116326530618
  5.0999999999999996  37.998585714285717  -99.792191836734702
  6.4000000000000004  37.99877142857143  -99.795826530612246
  8.0  37.999000000000002  -99.800299999999993
  10.0  37.996130434782614  -99.816682608695643
  12.5  37.99254347826087  -99.83716086956521
  15.6  37.988095652173918  -99.86255391304347
  19.5  37.982500000000002  -99.894499999999994
