      9.5968046      3.1064653      9.7899141      2.5228264      9.7635459      9.4840332      0.0000000     10.9148795      5.9740097      1.1513337     -3.5100235
      9.5902977      3.5460296      9.8048019      2.9471860     10.1892471      9.4713995      0.5000000     12.6715820      5.2777841      2.4823349     -4.1936154
      9.5837898      3.9855936      9.7656031      3.4730446     10.6149484      9.4587657      1.0000000     14.0008660      5.6073127      3.3859176     -3.8514530
      9.5772820      4.4251575      9.6908083      4.0364323     11.0406496      9.4461320      1.5000000     14.7332324      7.2267120      3.6925828     -2.2194200
      9.5707750      4.8647218      9.6141548      4.5797014     11.4663509      9.4334982      2.0000000     15.0420320      9.5306899      3.5756812      0.0971917
      9.5642672      5.3042860      9.5600080      5.0916748     11.8920521      9.4208644      2.5000000     15.0617278     11.3462419      3.1696757      1.9253775
      9.5577602      5.7438502      9.5342903      5.5901351     12.3177534      9.4082307      3.0000000     14.8074107     11.9079111      2.4896573      2.4996804
      9.5512524      6.1834145      9.5288038      6.0854673     12.7434547      9.3955969      3.5000000     14.3875862     11.4001108      1.6441315      2.0045139
      9.5447445      6.6229782      9.5309343      6.5716290     13.1691559      9.3829632      4.0000000     14.0464219     10.5406832      0.8772660      1.1577200
      9.5382376      7.0625424      9.5320263      7.0411310     13.5948572      9.3703294      4.5000000     13.9647352      9.8742947      0.3698780      0.5039653
      9.5317297      7.5021067      9.5296125      7.4951053     14.0205584      9.3576956      5.0000000     14.1424838      9.5260117      0.1219253      0.1683161
      9.5252218      7.9416709      9.5246677      7.9398851     14.4462597      9.3450619      5.5000000     14.4775399      9.3885293      0.0312803      0.0434674
      9.5187149      8.3812351      9.5186024      8.3808804     14.8719610      9.3324281      6.0000000     14.8781967      9.3411392      0.0062357      0.0087111
      9.5122070      8.8207989      9.5121899      8.8207445     15.2976622      9.3197944      6.5000000     15.2986279      9.3211514      0.0009656      0.0013570
      9.5056992      9.2603636      9.5056973      9.2603569     15.7233635      9.3071606      7.0000000     15.7234797      9.3073251      0.0001162      0.0001645
      9.4991922      9.6999273      9.4991922      9.6999264     16.1490647      9.2945268      7.5000000     16.1490756      9.2945424      0.0000109      0.0000155
      9.4926844     10.1394911      9.4926844     10.1394911     16.5747660      9.2818931      8.0000000     16.5747668      9.2818942      0.0000008      0.0000011
      9.4861774     10.5790558      9.4861774     10.5790558     17.0004672      9.2692593      8.5000000     17.0004673      9.2692594      0.0000000      0.0000001
