     24.0922813     19.8443890     24.7913666     18.5632114     15.6732689     10.0942605      0.0000000     -0.8482517     11.1690258    -16.5215206      1.0747653
     24.0302010     19.8913708     24.6926384     18.5004368     14.9277179      9.9098962      0.5000000      0.3283276     10.8111638    -14.5993904      0.9012676
     23.9681187     19.9383545     24.4866123     18.8045368     14.1821670      9.7255320      1.0000000      5.4899008     11.5708640     -8.6922662      1.8453320
     23.9060383     19.9853382     24.2532463     19.3093433     13.4366161      9.5411677      1.5000000     11.2329918     12.4545996     -2.2036243      2.9134319
     23.8439560     20.0323200     24.0396576     19.7426186     12.6910652      9.3568035      2.0000000     14.6963285     11.8704754      2.0052633      2.5136720
     23.7818756     20.0793037     23.8607063     19.9796181     11.9455143      9.1724392      2.5000000     15.7185123      9.9379102      3.7729980      0.7654710
     23.7197933     20.1262856     23.7174072     20.0782871     11.1999634      8.9880749      3.0000000     15.7442460      8.1443479      4.5442827     -0.8437270
     23.6577129     20.1732693     23.5995750     20.1350574     10.4544125      8.8037107      3.5000000     15.7472359      7.2389446      5.2928235     -1.5647661
     23.5956306     20.2202511     23.4984245     20.1945324      9.7088615      8.6193464      4.0000000     15.6996429      6.7758645      5.9907814     -1.8434819
     23.5335503     20.2672348     23.4140072     20.2630920      8.9633106      8.4349821      4.5000000     15.2900356      6.1975895      6.3267250     -2.2373926
     23.4714680     20.3142166     23.3428345     20.3383198      8.2177597      8.2506179      5.0000000     14.5148108      5.4088649      6.2970511     -2.8417530
     23.4093876     20.3612003     23.2745781     20.4168415      7.4722088      8.0662536      5.5000000     13.6318661      4.5505260      6.1596573     -3.5157276
     23.3473053     20.4081841     23.2063179     20.4946518      6.7266579      7.8818893      6.0000000     12.7584096      3.7512326      6.0317517     -4.1306567
     23.2852249     20.4551659     23.1474228     20.5711803      5.9811070      7.6975251      6.5000000     11.6882944      3.0210268      5.7071874     -4.6764983
     23.2231426     20.5021496     23.1048698     20.6550865      5.2355561      7.5131608      7.0000000     10.2172912      2.1376243      4.9817351     -5.3755365
     23.1610622     20.5491314     23.0715885     20.7572308      4.4900051      7.3287966      7.5000000      8.5127173      0.8012481      4.0227122     -6.5275485
     23.0989799     20.5961151     23.0349712     20.8678360      3.7444542      7.1444323      8.0000000      6.9460910     -0.7926359      3.2016367     -7.9370682
     23.0368996     20.6430969     22.9908085     20.9496403      2.9989033      6.9600680      8.5000000      5.6412338     -1.7199859      2.6423305     -8.6800539
