     -0.7770000     -0.4610000      1.6985000    173.0000000
     -0.9613000     -0.1695000      2.1167000    186.0000000
      2.0815000      6.5315000      1.9655000    469.0000000
      2.4337000      5.6155000      2.3171000    482.0000000
      7.5613000      2.3740000      1.5074000    776.0000000
      7.6449000      2.8035000      1.9394000    789.0000000
     11.8700000      5.5060000      1.7919000   1072.0000000
     12.2107000      6.0520000      2.4404000   1085.0000000
     13.9580000      9.0770000      1.7795000   1325.0000000
     14.5833000      9.1730000      2.2386000   1338.0000000
     16.8567000     12.7405000      1.6127000   1578.0000000
     16.9472000     13.0460000      2.0726000   1593.0000000
     18.8877000     16.0090000      1.6593000   1846.0000000
     18.5739000     16.1910000      2.0576000   1860.0000000
     16.9671000     17.6280000      1.7557000   2128.0000000
     18.5551000     18.0855000      2.2827000   2141.0000000
     25.4645000     20.7795000      1.8289000   2394.0000000
     25.4645000     20.7795000      2.3128000   2408.0000000
     29.7054000     24.5700000      1.7935000   2660.0000000
     29.4926000     24.5910000      2.2249000   2675.0000000
