     -0.2729000     -0.7765000      0.6306000    116.0000000
     -0.3973000     -1.0610000      0.8270000    130.0000000
     -0.5012000     -0.8980000      1.0449000    145.0000000
     -0.6277000     -0.6980000      1.3246000    159.0000000
      2.8524000     -0.5530000      0.6342000    412.0000000
      2.7106000      0.7485000      0.8063000    427.0000000
      2.5376000      2.3395000      1.0724000    441.0000000
      2.3333000      4.2185000      1.4281000    455.0000000
      7.1184000      1.1760000      0.6197000    722.0000000
      7.2622000      1.4340000      0.7749000    736.0000000
      7.4399000      1.7515000      0.9453000    749.0000000
      7.4942000      2.0285000      1.1980000    763.0000000
     11.0756000      4.0730000      0.6086000   1017.0000000
     11.2042000      4.4405000      0.8044000   1032.0000000
     11.3797000      4.7210000      1.0301000   1045.0000000
     11.5985000      5.0710000      1.3551000   1058.0000000
     11.9743000      8.5985000      0.5508000   1255.0000000
     12.2471000      8.6730000      0.6892000   1270.0000000
     12.5800000      8.7625000      0.8744000   1284.0000000
     12.9731000      8.8695000      1.1196000   1298.0000000
     13.4577000      9.0000000      1.3920000   1312.0000000
     16.3157000     11.6290000      0.5723000   1521.0000000
     16.6699000     12.1090000      0.7757000   1536.0000000
     16.7210000     12.2810000      0.9794000   1550.0000000
     16.7830000     12.4915000      1.2798000   1564.0000000
     19.1855000     14.3805000      0.5532000   1788.0000000
     19.2708000     15.0035000      0.7566000   1803.0000000
     19.3705000     15.7295000      1.0296000   1817.0000000
     19.1533000     15.8555000      1.2861000   1832.0000000
     17.9618000     16.2395000      0.6135000   2069.0000000
     16.3746000     16.5550000      0.7932000   2084.0000000
     14.5227000     16.9245000      1.0393000   2099.0000000
     15.6227000     17.2405000      1.3294000   2113.0000000
     24.8155000     18.8725000      0.6069000   2328.0000000
     24.9957000     19.4030000      0.8049000   2350.0000000
     25.2122000     20.0385000      1.1064000   2365.0000000
     25.4645000     20.7795000      1.4613000   2380.0000000
     28.6854000     22.2630000      0.5221000   2569.0000000
     28.8708000     22.6825000      0.7524000   2609.0000000
     29.1028000     23.2075000      0.9942000   2630.0000000
     29.3808000     23.8365000      1.3448000   2646.0000000
