     32.2671700     23.9934387     32.2581978     24.0219097     19.8697277      7.9450880      0.0000000     20.5016322      7.6425319      0.6319044     -0.3025561
     31.7446690     23.9854584     31.7723045     24.0915985     18.6134510      7.8904777      0.5000000     18.2114642      5.5276815     -0.4019868     -2.3627962
     31.2221680     23.9774761     31.3105526     24.2000999     17.3571742      7.8358674      1.0000000     14.9617444      2.1457716     -2.3954299     -5.6900958
     30.6996670     23.9694958     30.8483658     24.3052120     16.1008975      7.7812571      1.5000000     11.7372934     -1.0705842     -4.3636041     -8.8518413
     30.1771641     23.9615135     30.3807297     24.3775425     14.8446207      7.7266468      2.0000000      9.3657147     -2.7055543     -5.4789061    -10.4322011
     29.6546631     23.9535332     29.9422779     24.4390907     13.5883440      7.6720365      2.5000000      7.4723960     -2.9003548     -6.1159480    -10.5723912
     29.1321621     23.9455509     29.5733547     24.5285378     12.3320672      7.6174262      3.0000000      5.1208620     -2.8406198     -7.2112053    -10.4580460
     28.6096592     23.9375706     29.2675343     24.6404362     11.0757905      7.5628159      3.5000000      2.0254225     -3.0887262     -9.0503680    -10.6515421
     28.0871582     23.9295883     28.9334545     24.7185822      9.8195137      7.5082056      4.0000000     -0.9743061     -3.1231528    -10.7938199    -10.6313584
     27.5646553     23.9216080     28.4286442     24.7056026      8.5632370      7.4535953      4.5000000     -2.3613225     -2.2143816    -10.9245595     -9.6679768
     27.0421543     23.9136257     27.6924915     24.5955181      7.3069602      7.3989850      5.0000000     -1.3719453     -0.2868994     -8.6789056     -7.6858844
     26.5196533     23.9056454     26.8222103     24.4356251      6.0506835      7.3443746      5.5000000      0.9749505      2.0277213     -5.0757330     -5.3166534
     25.9971504     23.8976631     25.9632740     24.2757263      4.7944068      7.2897643      6.0000000      2.8449115      3.9959341     -1.9494953     -3.2938302
     25.4746494     23.8896828     25.1615162     24.1257629      3.5381300      7.2351540      6.5000000      3.2304762      5.2933074     -0.3076538     -1.9418467
     24.9521484     23.8817005     24.3517761     23.9613571      2.2818533      7.1805437      7.0000000      2.1884642      5.9532987     -0.0933891     -1.2272450
     24.4296455     23.8737202     23.4447651     23.7533913      1.0255765      7.1259334      7.5000000      0.0646296      6.0765818     -0.9609469     -1.0493517
     23.9071445     23.8657379     22.4229984     23.4999123     -0.2307002      7.0713231      8.0000000     -2.8281458      5.7660063     -2.5974455     -1.3053168
     23.3846416     23.8577576     21.4180698     23.2559280     -1.4869770      7.0167128      8.5000000     -5.8977577      5.2587901     -4.4107807     -1.7579227
