     -1.6040528     -1.1728463      0.1212984     -0.0710004     14.5861448     -0.1811816      0.0000000     10.8237559      0.0689721     -3.7623889      0.2501537
     -2.1435959     -1.1128434     -0.5115451     -0.0699851     15.3192166      0.6565852      0.5000000     11.7244259      0.9025054     -3.5947908      0.2459202
     -2.6831391     -1.0528405     -1.4827220     -0.2895755     16.0522884      1.4943519      1.0000000     13.3094761      1.4729504     -2.7428123     -0.0214016
     -3.2226820     -0.9928375     -2.5369205     -0.5618674     16.7853602      2.3321187      1.5000000     15.0852191      2.0677437     -1.7001411     -0.2643750
     -3.7622252     -0.9328346     -3.4586709     -0.7453266     17.5184319      3.1698855      2.0000000     16.6379137      2.8890914     -0.8805183     -0.2807941
     -4.3017683     -0.8728317     -4.1982074     -0.8099596     18.2515037      4.0076523      2.5000000     17.8549648      3.8434485     -0.3965389     -0.1642038
     -4.8413115     -0.8128288     -4.8143873     -0.7967406     18.9845755      4.8454191      3.0000000     18.8267334      4.7705679     -0.1578421     -0.0748512
     -5.3808546     -0.7528259     -5.3755622     -0.7500359     19.7176473      5.6831859      3.5000000     19.6693027      5.6366577     -0.0483446     -0.0465282
     -5.9203978     -0.6928229     -5.9194655     -0.6929451     20.4507190      6.5209527      4.0000000     20.4503034      6.4782748     -0.0004157     -0.0426779
     -6.4599409     -0.6328200     -6.4595528     -0.6334117     21.1837908      7.3587194      4.5000000     21.2021397      7.3167975      0.0183489     -0.0419219
     -6.9994841     -0.5728170     -6.9990964     -0.5734366     21.9168626      8.1964862      5.0000000     21.9418910      8.1558770      0.0250285     -0.0406092
     -7.5390272     -0.5128141     -7.5386376     -0.5133629     22.6499343      9.0342530      5.5000000     22.6758357      8.9981047      0.0259013     -0.0361483
     -8.0785704     -0.4528112     -8.0782461     -0.4532221     23.3830061      9.8720198      6.0000000     23.4046794      9.8447894      0.0216733     -0.0272304
     -8.6181135     -0.3928082     -8.6178999     -0.3930577     24.1160779     10.7097866      6.5000000     24.1303293     10.6932118      0.0142515     -0.0165748
     -9.1576567     -0.3328053     -9.1575480     -0.3329255     24.8491497     11.5475534      7.0000000     24.8564030     11.5395548      0.0072533     -0.0079986
     -9.6971998     -0.2728024     -9.6971569     -0.2728480     25.5822214     12.3853202      7.5000000     25.5850712     12.3822841      0.0028498     -0.0030360
    -10.2367430     -0.2127994    -10.2367296     -0.2128130     26.3152932     13.2230869      8.0000000     26.3161590     13.2221841      0.0008658     -0.0009028
    -10.7762861     -0.1527965    -10.7762823     -0.1527997     27.0483650     14.0608537      8.5000000     27.0485688     14.0606439      0.0002038     -0.0002098
