     -0.9747000     -0.1290000      2.6682000    200.0000000
     -0.9910000     -0.0760000      3.3541000    214.0000000
      2.8739000      4.4700000      2.7062000    495.0000000
      3.4201000      3.0505000      3.0827000    509.0000000
      4.1067000      1.2650000      3.4964000    522.0000000
      7.7497000      3.3435000      2.5135000    803.0000000
     15.3590000      9.2920000      2.8963000   1352.0000000
     16.6807000     13.0170000      2.5590000   1606.0000000
     16.3473000     12.9815000      3.1970000   1619.0000000
     18.1884000     16.4140000      2.6039000   1874.0000000
     19.0288000     16.8490000      3.3592000   1888.0000000
     20.5101000     18.6510000      3.0022000   2155.0000000
     25.4645000     20.7795000      2.9280000   2422.0000000
     29.2329000     24.6160000      2.8360000   2689.0000000
