     17.8477650     14.7067194     18.8587990     14.8992863     11.4768100     12.2434330      0.0000000      1.6474315     18.2352878     -9.8293785      5.9918548
     18.0111694     14.8683529     19.2120628     15.4592867     11.2419849     11.9293148      0.5000000     -0.3632144     14.4143658    -11.6051993      2.4850510
     18.1745739     15.0299864     19.2978916     15.8764544     11.0071598     11.6151965      1.0000000     -0.4549445      9.1535434    -11.4621043     -2.4616532
     18.3379803     15.1916208     19.0547791     16.0066128     10.7723347     11.3010783      1.5000000     -0.4901132      6.6146025    -11.2624479     -4.6864759
     18.5013847     15.3532543     18.5808048     15.9958115     10.5375097     10.9869601      2.0000000     -1.4653222      8.4423516    -12.0028319     -2.5446085
     18.6647892     15.5148888     18.2027206     16.0362339     10.3026846     10.6728419      2.5000000     -1.1941607     12.0883414    -11.4968453      1.4154995
     18.8281956     15.6765223     18.2403908     16.1401730     10.0678595     10.3587237      3.0000000      2.4674093     14.4259342     -7.6004502      4.0672105
     18.9916000     15.8381557     18.6450958     16.2528286      9.8330344     10.0446054      3.5000000      7.7095741     15.1556430     -2.1234603      5.1110376
     19.1550045     15.9997902     19.0914211     16.3870468      9.5982093      9.7304872      4.0000000     11.1517983     15.7472176      1.5535890      6.0167304
     19.3184109     16.1614246     19.4047070     16.5625610      9.3633843      9.4163690      4.5000000     12.5175818     16.7685627      3.1541975      7.3521937
     19.4818153     16.3230572     19.6648121     16.7472610      9.1285592      9.1022508      5.0000000     14.0028037     17.5323379      4.8742445      8.4300871
     19.6452198     16.4846916     19.9567566     16.9030743      8.8937341      8.7881326      5.5000000     16.4629515     17.4184035      7.5692174      8.6302710
     19.8086262     16.6463261     20.2496147     17.0293903      8.6589090      8.4740143      6.0000000     18.8507748     16.5927424     10.1918658      8.1187281
     19.9720306     16.8079586     20.5042744     17.1552277      8.4240839      8.1598961      6.5000000     20.5936238     15.7813102     12.1695398      7.6214141
     20.1354351     16.9695930     20.7401047     17.3080711      8.1892589      7.8457779      7.0000000     22.2735311     15.6042506     14.0842722      7.7584727
     20.2988415     17.1312275     20.9649925     17.4817905      7.9544338      7.5316597      7.5000000     23.8405739     15.8500265     15.8861401      8.3183668
     20.4622459     17.2928600     21.1274261     17.6361885      7.7196087      7.2175415      8.0000000     23.8130823     15.5125469     16.0934735      8.2950054
     20.6256504     17.4544945     21.1824303     17.7402897      7.4847836      6.9034233      8.5000000     21.0423164     13.8598060     13.5575328      6.9563828
