      4.5509748     -0.1446902      4.2692661     -0.7774488     12.1748454      4.6514258      0.0000000     18.8160652     12.7953279      6.6412198      8.1439021
      4.3132973      0.2028894      3.6428168      0.4736497     12.7542319      5.0639923      0.5000000     18.6972479     19.2975313      5.9430160     14.2335390
      4.0756197      0.5504690      2.9242742      2.5696120     13.3336184      5.4765588      1.0000000     16.9285544     24.0953240      3.5949360     18.6187652
      3.8379419      0.8980486      2.3110671      4.7902908     13.9130049      5.8891253      1.5000000     14.5335920     24.7590391      0.6205871     18.8699137
      3.6002641      1.2456281      2.0017684      6.0032620     14.4923914      6.3016919      2.0000000     13.0023890     19.7607505     -1.4900024     13.4590587
      3.3625865      1.5932077      2.0539739      5.6212811     15.0717779      6.7142584      2.5000000     13.6119260      9.1668499     -1.4598519      2.4525916
      3.1249087      1.9407873      2.3379552      4.1508274     15.6511644      7.1268249      3.0000000     16.4526481     -3.8479621      0.8014836    -10.9747870
      2.8872311      2.2883670      2.6200168      2.7029443     16.2305510      7.5393914      3.5000000     19.9472727    -13.3450015      3.7167218    -20.8843929
      2.6495533      2.6359465      2.7126155      2.0562484     16.8099375      7.9519579      4.0000000     22.0188746    -14.8347823      5.2089371    -22.7867402
      2.4118755      2.9835262      2.5787225      2.2378972     17.3893240      8.3645244      4.5000000     21.9735016     -9.2089548      4.5841776    -17.5734792
      2.1741979      3.3311057      2.3075082      2.8261664     17.9687105      8.7770909      5.0000000     20.8052189     -1.2990379      2.8365084    -10.0761288
      1.9365201      3.6786852      2.0056756      3.4407437     18.5480970      9.1896574      5.5000000     19.8163022      4.8298453      1.2682052     -4.3598121
      1.6988424      4.0262647      1.7250971      3.9426582     19.1274835      9.6022240      6.0000000     19.5286084      8.1828767      0.4011249     -1.4193473
      1.4611647      4.3738446      1.4688799      4.3512373     19.7068700     10.0147905      6.5000000     19.7853950      9.6769158      0.0785250     -0.3378747
      1.2234870      4.7214241      1.2253406      4.7165871     20.2862566     10.4273570      7.0000000     20.2878472     10.3746576      0.0015907     -0.0526993
      0.9858093      5.0690036      0.9861991      5.0681505     20.8656431     10.8399235      7.5000000     20.8602270     10.8375653     -0.0054161     -0.0023582
      0.7481316      5.4165831      0.7482076      5.4164510     21.4450296     11.2524900      8.0000000     21.4426535     11.2539605     -0.0023761      0.0014705
      0.5104538      5.7641630      0.5104676      5.7641439     22.0244161     11.6650565      8.5000000     22.0237886     11.6656050     -0.0006275      0.0005485
