     0.000     0.000    -1.776    -1.154     1.776     1.154     0.160     0.000     0.000     0.000    33.000
    -0.006    -0.166    -1.285    -1.124     1.279     0.959     0.254    40.000     0.000     0.000    36.870
    -0.077    -0.329    -0.818    -1.065     0.741     0.736     0.363    79.000     0.000     0.000    44.816
    -0.166    -0.532    -0.600    -1.005     0.434     0.473     0.473   101.000     0.000     0.000    47.500
    -0.273    -0.776    -0.523    -0.933     0.250     0.156     0.631   116.000     0.000     0.000    31.961
    -0.397    -1.061    -0.492    -0.841     0.094    -0.220     0.827   130.000     0.000     0.000   -66.783
    -0.501    -0.898    -0.457    -0.730    -0.044    -0.168     1.045   145.000     0.000     0.000  -104.747
    -0.628    -0.698    -0.483    -0.588    -0.145    -0.110     1.325   159.000     0.000     0.000  -142.773
    -0.777    -0.461    -0.578    -0.398    -0.199    -0.063     1.699   173.000     0.000     0.000  -162.373
    -0.961    -0.170    -0.713    -0.179    -0.248     0.009     2.117   186.000     0.000     0.000   177.849
    -0.975    -0.129    -0.924     0.117    -0.051    -0.246     2.668   200.000     0.000     0.000  -101.626
    -0.991    -0.076    -1.221     0.492     0.230    -0.568     3.354   214.000     0.000     0.000   -67.963
    -1.012    -0.011    -1.637     0.959     0.625    -0.971     4.203   227.000     0.000     0.000   -57.242
    -1.038     0.069    -2.242     1.591     1.204    -1.522     5.342   240.000     0.000     0.000   -51.649
     2.645    -2.353     2.209    -0.738     0.436    -1.615     0.132   282.000     0.000     0.000   -74.894
     2.655    -2.075     2.673    -0.571    -0.018    -1.504     0.210   321.000     0.000     0.000   -90.683
     2.691    -1.798     3.145    -0.375    -0.454    -1.423     0.295   361.000     0.000     0.000  -107.693
     2.736    -1.452     3.383    -0.234    -0.647    -1.218     0.380   383.000     0.000     0.000  -117.981
     2.790    -1.036     3.516    -0.097    -0.726    -0.939     0.492   398.000     0.000     0.000  -127.706
     2.852    -0.553     3.623     0.059    -0.771    -0.612     0.634   412.000     0.000     0.000  -141.576
     2.711     0.749     3.732     0.245    -1.021     0.503     0.806   427.000     0.000     0.000   153.770
     2.538     2.340     3.785     0.497    -1.248     1.842     1.072   441.000     0.000     0.000   124.105
     2.333     4.218     3.803     0.819    -1.470     3.399     1.428   455.000     0.000     0.000   113.379
     2.082     6.532     3.746     1.278    -1.665     5.253     1.966   469.000     0.000     0.000   107.586
     2.434     5.615     3.775     1.612    -1.341     4.004     2.317   482.000     0.000     0.000   108.520
     2.874     4.470     3.796     1.981    -0.922     2.489     2.706   495.000     0.000     0.000   110.330
     3.420     3.050     3.848     2.357    -0.428     0.694     3.083   509.000     0.000     0.000   121.687
     4.107     1.265     3.880     2.761     0.226    -1.496     3.496   522.000     0.000     0.000   -81.398
     5.834    -0.807     5.743     0.464     0.091    -1.271     0.096   563.000     0.000     0.000   -85.896
     5.842    -0.558     6.179     0.741    -0.337    -1.299     0.151   602.000     0.000     0.000  -104.528
     6.034    -0.315     6.624     1.043    -0.590    -1.357     0.205   642.000     0.000     0.000  -113.491
     6.273    -0.011     6.861     1.234    -0.588    -1.244     0.256   664.000     0.000     0.000  -115.276
     6.561     0.354     7.014     1.396    -0.453    -1.041     0.324   679.000     0.000     0.000  -113.527
     6.896     0.780     7.155     1.562    -0.259    -0.782     0.404   693.000     0.000     0.000  -108.313
     6.996     0.959     7.305     1.752    -0.309    -0.794     0.499   708.000     0.000     0.000  -111.281
     7.118     1.176     7.440     1.960    -0.322    -0.784     0.620   722.000     0.000     0.000  -112.317
     7.262     1.434     7.571     2.200    -0.309    -0.766     0.775   736.000     0.000     0.000  -111.982
     7.440     1.752     7.691     2.448    -0.252    -0.696     0.945   749.000     0.000     0.000  -109.860
     7.494     2.029     7.814     2.778    -0.320    -0.749     1.198   763.000     0.000     0.000  -113.101
     7.561     2.374     7.922     3.151    -0.360    -0.777     1.507   776.000     0.000     0.000  -114.866
     7.645     2.804     8.020     3.635    -0.375    -0.831     1.939   789.000     0.000     0.000  -114.293
     7.750     3.344     8.124     4.254    -0.374    -0.911     2.514   803.000     0.000     0.000  -112.346
     9.624     2.332     8.834     2.474     0.790    -0.142     0.066   844.000     0.000     0.000   -10.189
     9.630     2.489     9.237     2.860     0.392    -0.371     0.101   884.000     0.000     0.000   -43.427
     9.844     2.639     9.625     3.256     0.220    -0.616     0.138   923.000     0.000     0.000   -70.378
    10.112     2.827     9.841     3.498     0.272    -0.671     0.173   945.000     0.000     0.000   -67.981
    10.434     3.051     9.988     3.688     0.446    -0.637     0.221   960.000     0.000     0.000   -55.005
    10.809     3.314    10.135     3.891     0.674    -0.577     0.283   975.000     0.000     0.000   -40.589
    10.882     3.522    10.274     4.100     0.608    -0.579     0.360   989.000     0.000     0.000   -43.601
    10.971     3.774    10.415     4.343     0.555    -0.570     0.475  1003.000     0.000     0.000   -45.744
    11.076     4.073    10.560     4.604     0.516    -0.531     0.609  1017.000     0.000     0.000   -45.828
    11.204     4.441    10.720     4.930     0.484    -0.490     0.804  1032.000     0.000     0.000   -45.338
    11.380     4.721    10.867     5.262     0.513    -0.541     1.030  1045.000     0.000     0.000   -46.520
    11.599     5.071    11.027     5.678     0.571    -0.607     1.355  1058.000     0.000     0.000   -46.737
    11.870     5.506    11.215     6.200     0.655    -0.694     1.792  1072.000     0.000     0.000   -46.640
    12.211     6.052    11.425     6.888     0.785    -0.836     2.440  1085.000     0.000     0.000   -46.794
    10.539     7.809    11.513     5.373    -0.974     2.436     0.108  1126.000     0.000     0.000   111.792
    10.544     7.938    11.862     5.886    -1.318     2.052     0.172  1165.000     0.000     0.000   122.720
    10.804     8.058    12.207     6.417    -1.404     1.640     0.243  1204.000     0.000     0.000   130.558
    11.129     8.207    12.407     6.748    -1.278     1.459     0.316  1226.000     0.000     0.000   131.216
    11.519     8.389    12.555     7.016    -1.036     1.372     0.418  1241.000     0.000     0.000   127.045
    11.974     8.598    12.703     7.296    -0.728     1.303     0.551  1255.000     0.000     0.000   119.208
    12.247     8.673    12.861     7.591    -0.614     1.082     0.689  1270.000     0.000     0.000   119.579
    12.580     8.763    13.024     7.908    -0.444     0.854     0.874  1284.000     0.000     0.000   117.482
    12.973     8.870    13.205     8.268    -0.232     0.602     1.120  1298.000     0.000     0.000   111.093
    13.458     9.000    13.396     8.644     0.061     0.356     1.392  1312.000     0.000     0.000    80.235
    13.958     9.077    13.614     9.085     0.344    -0.008     1.780  1325.000     0.000     0.000    -1.414
    14.583     9.173    13.857     9.571     0.726    -0.398     2.239  1338.000     0.000     0.000   -28.743
    15.359     9.292    14.173    10.199     1.186    -0.907     2.896  1352.000     0.000     0.000   -37.391
    16.335     9.441    14.562    10.971     1.773    -1.530     3.802  1365.000     0.000     0.000   -40.801
    15.547    10.318    13.769     9.039     1.778     1.279     0.133  1406.000     0.000     0.000    35.722
    15.556    10.598    14.098     9.637     1.458     0.962     0.213  1445.000     0.000     0.000    33.401
    15.759    10.873    14.459    10.247     1.300     0.626     0.312  1485.000     0.000     0.000    25.697
    16.012    11.216    14.673    10.592     1.338     0.624     0.417  1506.000     0.000     0.000    25.006
    16.316    11.629    14.859    10.879     1.457     0.750     0.572  1521.000     0.000     0.000    27.227
    16.670    12.109    15.065    11.188     1.605     0.921     0.776  1536.000     0.000     0.000    29.852
    16.721    12.281    15.265    11.478     1.456     0.803     0.979  1550.000     0.000     0.000    28.881
    16.783    12.492    15.504    11.813     1.279     0.679     1.280  1564.000     0.000     0.000    27.947
    16.857    12.741    15.757    12.157     1.100     0.584     1.613  1578.000     0.000     0.000    27.957
    16.947    13.046    16.069    12.567     0.879     0.479     2.073  1593.000     0.000     0.000    28.582
    16.681    13.017    16.374    12.957     0.307     0.060     2.559  1606.000     0.000     0.000    11.102
    16.347    12.982    16.737    13.408    -0.390    -0.427     3.197  1619.000     0.000     0.000  -132.436
    15.934    12.938    17.159    13.917    -1.225    -0.979     3.963  1633.000     0.000     0.000  -141.378
    15.414    12.883    17.664    14.511    -2.250    -1.628     4.975  1646.000     0.000     0.000  -144.108
    19.044    13.030    16.263    12.853     2.781     0.177     0.173  1687.000     0.000     0.000     3.651
    19.058    13.447    16.713    13.406     2.346     0.040     0.283  1727.000     0.000     0.000     0.988
    19.115    13.862    17.170    13.941     1.944    -0.079     0.413  1766.000     0.000     0.000    -2.337
    19.186    14.380    17.456    14.261     1.730     0.119     0.553  1788.000     0.000     0.000     3.950
    19.271    15.004    17.689    14.513     1.582     0.491     0.757  1803.000     0.000     0.000    17.225
    19.371    15.729    17.933    14.772     1.437     0.958     1.030  1817.000     0.000     0.000    33.678
    19.153    15.856    18.181    15.031     0.972     0.825     1.286  1832.000     0.000     0.000    40.311
    18.888    16.009    18.454    15.310     0.433     0.699     1.659  1846.000     0.000     0.000    58.192
    18.574    16.191    18.731    15.590    -0.157     0.601     2.058  1860.000     0.000     0.000   104.683
    18.188    16.414    19.049    15.907    -0.861     0.507     2.604  1874.000     0.000     0.000   149.520
    19.029    16.849    19.423    16.276    -0.394     0.573     3.359  1888.000     0.000     0.000   124.495
    20.080    17.392    19.867    16.711     0.213     0.680     4.428  1901.000     0.000     0.000    72.614
    21.382    18.065    20.400    17.233     0.982     0.832     5.869  1914.000     0.000     0.000    40.271
    23.021    18.913    21.104    17.924     1.917     0.989     7.987  1928.000     0.000     0.000    27.287
    20.337    15.591    19.455    16.298     0.882    -0.708     0.206  1969.000     0.000     0.000   -38.748
    20.343    15.767    19.977    16.773     0.366    -1.006     0.333  2008.000     0.000     0.000   -70.003
    19.285    15.976    20.504    17.237    -1.219    -1.260     0.468  2047.000     0.000     0.000  -134.046
    17.962    16.239    20.814    17.507    -2.852    -1.268     0.614  2069.000     0.000     0.000  -156.038
    16.375    16.555    21.036    17.703    -4.661    -1.148     0.793  2084.000     0.000     0.000  -166.161
    14.523    16.925    21.262    17.908    -6.739    -0.983     1.039  2099.000     0.000     0.000  -171.701
    15.623    17.241    21.475    18.105    -5.852    -0.864     1.329  2113.000     0.000     0.000  -171.599
    16.967    17.628    21.706    18.330    -4.739    -0.702     1.756  2128.000     0.000     0.000  -171.573
    18.555    18.085    21.909    18.545    -3.354    -0.459     2.283  2141.000     0.000     0.000  -172.200
    20.510    18.651    22.122    18.792    -1.612    -0.141     3.002  2155.000     0.000     0.000  -174.999
    20.857    19.070    22.310    19.045    -1.453     0.025     3.892  2168.000     0.000     0.000   179.013
    21.291    19.597    22.479    19.316    -1.188     0.281     4.976  2181.000     0.000     0.000   166.685
    21.829    20.249    22.628    19.644    -0.799     0.605     6.521  2195.000     0.000     0.000   142.873
    22.506    21.070    22.720    20.019    -0.214     1.050     8.624  2208.000     0.000     0.000   101.539
    24.658    18.021    23.292    19.353     1.366    -1.332     0.256  2249.000     0.000     0.000   -44.277
    24.672    18.449    23.875    19.774     0.797    -1.325     0.420  2289.000     0.000     0.000   -58.987
    24.816    18.872    24.433    20.176     0.382    -1.304     0.607  2328.000     0.000     0.000   -73.667
    24.996    19.403    24.725    20.405     0.271    -1.002     0.805  2350.000     0.000     0.000   -74.885
    25.212    20.038    24.881    20.569     0.332    -0.531     1.106  2365.000     0.000     0.000   -58.005
    25.465    20.779    25.009    20.734     0.455     0.046     1.461  2380.000     0.000     0.000     5.729
    25.465    20.779    25.105    20.886     0.360    -0.106     1.829  2394.000     0.000     0.000   -16.426
    25.465    20.779    25.149    21.040     0.316    -0.261     2.313  2408.000     0.000     0.000   -39.529
    25.465    20.779    25.128    21.197     0.337    -0.417     2.928  2422.000     0.000     0.000   -51.098
    25.465    20.779    25.059    21.350     0.406    -0.571     3.596  2436.000     0.000     0.000   -54.586
    25.465    20.779    24.842    21.502     0.622    -0.723     4.546  2449.000     0.000     0.000   -49.279
    25.465    20.779    24.529    21.661     0.935    -0.882     5.644  2463.000     0.000     0.000   -43.309
    25.465    20.779    23.992    21.818     1.473    -1.039     7.127  2476.000     0.000     0.000   -35.189
    25.465    20.779    23.200    21.978     2.264    -1.199     9.014  2489.000     0.000     0.000   -27.902
    28.672    21.840    27.768    22.050     0.904    -0.211     0.325  2530.000     0.000     0.000   -13.123
    28.685    22.263    28.322    22.399     0.363    -0.136     0.522  2569.000     0.000     0.000   -20.481
    28.871    22.683    28.851    22.746     0.020    -0.063     0.752  2609.000     0.000     0.000   -72.602
    29.103    23.207    29.028    22.924     0.074     0.283     0.994  2630.000     0.000     0.000    75.279
    29.381    23.837    29.022    23.058     0.359     0.779     1.345  2646.000     0.000     0.000    65.254
    29.705    24.570    28.882    23.172     0.823     1.398     1.794  2660.000     0.000     0.000    59.519
    29.493    24.591    28.743    23.291     0.749     1.300     2.225  2675.000     0.000     0.000    60.050
    29.233    24.616    28.406    23.398     0.827     1.218     2.836  2689.000     0.000     0.000    55.815
    28.925    24.645    27.969    23.502     0.956     1.143     3.512  2703.000     0.000     0.000    50.091
    28.548    24.682    27.343    23.593     1.204     1.089     4.333  2716.000     0.000     0.000    42.109
    27.151    24.418    26.540    23.687     0.611     0.731     5.291  2730.000     0.000     0.000    50.088
    25.405    24.088    25.597    23.769    -0.192     0.319     6.318  2743.000     0.000     0.000   120.973
    23.239    23.680    24.314    23.844    -1.075    -0.164     7.608  2756.000     0.000     0.000  -171.349
    20.514    23.167    22.721    23.918    -2.207    -0.751     9.105  2770.000     0.000     0.000  -161.218
