      0.0000000      0.0000000      0.1598000      0.0000000
     -0.0059000     -0.1655000      0.2544000     40.0000000
     -0.0773000     -0.3285000      0.3629000     79.0000000
     -0.1663000     -0.5320000      0.4733000    101.0000000
      2.6452000     -2.3525000      0.1322000    282.0000000
      2.6549000     -2.0755000      0.2103000    321.0000000
      2.6912000     -1.7980000      0.2949000    361.0000000
      2.7358000     -1.4515000      0.3799000    383.0000000
      2.7900000     -1.0365000      0.4925000    398.0000000
      5.8338000     -0.8070000      0.0962000    563.0000000
      5.8424000     -0.5580000      0.1507000    602.0000000
      6.0338000     -0.3145000      0.2046000    642.0000000
      6.2734000     -0.0105000      0.2557000    664.0000000
      6.5612000      0.3545000      0.3244000    679.0000000
      6.8964000      0.7800000      0.4035000    693.0000000
      6.9960000      0.9585000      0.4986000    708.0000000
      9.6244000      2.3320000      0.0662000    844.0000000
      9.6298000      2.4890000      0.1007000    884.0000000
      9.8444000      2.6395000      0.1376000    923.0000000
     10.1122000      2.8270000      0.1727000    945.0000000
     10.4338000      3.0510000      0.2213000    960.0000000
     10.8092000      3.3140000      0.2829000    975.0000000
     10.8818000      3.5215000      0.3603000    989.0000000
     10.9707000      3.7735000      0.4750000   1003.0000000
     10.5392000      7.8090000      0.1083000   1126.0000000
     10.5435000      7.9375000      0.1718000   1165.0000000
     10.8036000      8.0575000      0.2430000   1204.0000000
     11.1289000      8.2075000      0.3155000   1226.0000000
     11.5194000      8.3885000      0.4178000   1241.0000000
     15.5470000     10.3180000      0.1325000   1406.0000000
     15.5564000     10.5985000      0.2127000   1445.0000000
     15.7586000     10.8730000      0.3121000   1485.0000000
     16.0117000     11.2165000      0.4171000   1506.0000000
     19.0444000     13.0300000      0.1731000   1687.0000000
     19.0582000     13.4465000      0.2832000   1727.0000000
     19.1146000     13.8620000      0.4132000   1766.0000000
     20.3371000     15.5905000      0.2063000   1969.0000000
     20.3428000     15.7665000      0.3325000   2008.0000000
     19.2848000     15.9765000      0.4675000   2047.0000000
     24.6579000     18.0205000      0.2564000   2249.0000000
     24.6718000     18.4490000      0.4200000   2289.0000000
     28.6720000     21.8395000      0.3245000   2530.0000000
