     13.5334368      8.5806208     15.1320448      9.8080540      7.3522464     14.3166407      0.0000000     18.8443988     19.0488219     11.4921524      4.7321812
     13.6874046      8.9165773     15.1540546     10.0599813      7.6242624     13.8788066      0.5000000     20.4726924     18.3103820     12.8484300      4.4315754
     13.8413725      9.2525339     14.9651499     10.0325270      7.8962784     13.4409726      1.0000000     18.8520573     17.2180799     10.9557790      3.7771073
     13.9953394      9.5884895     14.8421097      9.8933039      8.1682944     13.0031386      1.5000000     14.1451796     16.5017310      5.9768852      3.4985924
     14.1493073      9.9244461     14.9270840      9.7872019      8.4403104     12.5653045      2.0000000      8.6335442     16.2581038      0.1932338      3.6927992
     14.3032742     10.2604027     15.2213650      9.7157755      8.7123264     12.1274705      2.5000000      4.8232589     16.2239998     -3.8890675      4.0965293
     14.4572420     10.5963593     15.6891947      9.6229591      8.9843424     11.6896365      3.0000000      3.1772007     16.3961929     -5.8071417      4.7065564
     14.6112089     10.9323158     16.1931229      9.5846090      9.2563584     11.2518024      3.5000000      2.6981289     16.6860461     -6.5582295      5.4342436
     14.7651768     11.2682724     16.4691982      9.8043756      9.5283744     10.8139684      4.0000000      2.9777134     16.4459699     -6.5506610      5.6320015
     14.9191446     11.6042290     16.3647289     10.3747215      9.8003904     10.3761344      4.5000000      4.2990338     15.1266964     -5.5013565      4.7505620
     15.0731115     11.9401855     16.0191460     11.1454935     10.0724064      9.9383003      5.0000000      6.4112686     13.0597702     -3.6611377      3.1214698
     15.2270794     12.2761421     15.7030087     11.8804646     10.3444224      9.5004663      5.5000000      8.4616818     11.0783513     -1.8827406      1.5778850
     15.3810463     12.6120987     15.5654316     12.4599485     10.6164384      9.0626323      6.0000000      9.8719627      9.6755214     -0.7444757      0.6128891
     15.5350142     12.9480553     15.5901766     12.9027576     10.8884544      8.6247982      6.5000000     10.6614990      8.8079943     -0.2269554      0.1831960
     15.6889811     13.2840118     15.7017555     13.2735500     11.1604704      8.1869642      7.0000000     11.1068584      8.2291402     -0.0536120      0.0421759
     15.8429489     13.6199684     15.8452425     13.6180906     11.4324864      7.7491302      7.5000000     11.4226110      7.7566001     -0.0098754      0.0074700
     15.9969158     13.9559250     15.9972363     13.9556627     11.7045024      7.3112961      8.0000000     11.7030724      7.3123091     -0.0014299      0.0010130
     16.1508846     14.2918816     16.1509190     14.2918530     11.9765184      6.8734621      8.5000000     11.9763538      6.8735661     -0.0001646      0.0001040
