     0.000     0.000     0.160     0.000
    -0.006    -0.166     0.254    40.000
    -0.077    -0.329     0.363    79.000
    -0.166    -0.532     0.473   101.000
    -0.273    -0.776     0.631   116.000
    -0.397    -1.061     0.827   130.000
    -0.501    -0.898     1.045   145.000
    -0.628    -0.698     1.325   159.000
    -0.777    -0.461     1.699   173.000
    -0.961    -0.170     2.117   186.000
    -0.975    -0.129     2.668   200.000
    -0.991    -0.076     3.354   214.000
    -1.012    -0.011     4.203   227.000
    -1.038     0.069     5.342   240.000
     2.645    -2.353     0.132   282.000
     2.655    -2.075     0.210   321.000
     2.691    -1.798     0.295   361.000
     2.736    -1.452     0.380   383.000
     2.790    -1.036     0.492   398.000
     2.852    -0.553     0.634   412.000
     2.711     0.749     0.806   427.000
     2.538     2.340     1.072   441.000
     2.333     4.218     1.428   455.000
     2.082     6.532     1.966   469.000
     2.434     5.615     2.317   482.000
     2.874     4.470     2.706   495.000
     3.420     3.050     3.083   509.000
     4.107     1.265     3.496   522.000
     5.834    -0.807     0.096   563.000
     5.842    -0.558     0.151   602.000
     6.034    -0.315     0.205   642.000
     6.273    -0.011     0.256   664.000
     6.561     0.354     0.324   679.000
     6.896     0.780     0.404   693.000
     6.996     0.959     0.499   708.000
     7.118     1.176     0.620   722.000
     7.262     1.434     0.775   736.000
     7.440     1.752     0.945   749.000
     7.494     2.029     1.198   763.000
     7.561     2.374     1.507   776.000
     7.645     2.804     1.939   789.000
     7.750     3.344     2.514   803.000
     9.624     2.332     0.066   844.000
     9.630     2.489     0.101   884.000
     9.844     2.639     0.138   923.000
    10.112     2.827     0.173   945.000
    10.434     3.051     0.221   960.000
    10.809     3.314     0.283   975.000
    10.882     3.522     0.360   989.000
    10.971     3.774     0.475  1003.000
    11.076     4.073     0.609  1017.000
    11.204     4.441     0.804  1032.000
    11.380     4.721     1.030  1045.000
    11.599     5.071     1.355  1058.000
    11.870     5.506     1.792  1072.000
    12.211     6.052     2.440  1085.000
    10.539     7.809     0.108  1126.000
    10.544     7.938     0.172  1165.000
    10.804     8.058     0.243  1204.000
    11.129     8.207     0.316  1226.000
    11.519     8.389     0.418  1241.000
    11.974     8.598     0.551  1255.000
    12.247     8.673     0.689  1270.000
    12.580     8.763     0.874  1284.000
    12.973     8.870     1.120  1298.000
    13.458     9.000     1.392  1312.000
    13.958     9.077     1.780  1325.000
    14.583     9.173     2.239  1338.000
    15.359     9.292     2.896  1352.000
    16.335     9.441     3.802  1365.000
    15.547    10.318     0.133  1406.000
    15.556    10.598     0.213  1445.000
    15.759    10.873     0.312  1485.000
    16.012    11.216     0.417  1506.000
    16.316    11.629     0.572  1521.000
    16.670    12.109     0.776  1536.000
    16.721    12.281     0.979  1550.000
    16.783    12.492     1.280  1564.000
    16.857    12.741     1.613  1578.000
    16.947    13.046     2.073  1593.000
    16.681    13.017     2.559  1606.000
    16.347    12.982     3.197  1619.000
    15.934    12.938     3.963  1633.000
    15.414    12.883     4.975  1646.000
    19.044    13.030     0.173  1687.000
    19.058    13.447     0.283  1727.000
    19.115    13.862     0.413  1766.000
    19.186    14.380     0.553  1788.000
    19.271    15.004     0.757  1803.000
    19.371    15.729     1.030  1817.000
    19.153    15.856     1.286  1832.000
    18.888    16.009     1.659  1846.000
    18.574    16.191     2.058  1860.000
    18.188    16.414     2.604  1874.000
    19.029    16.849     3.359  1888.000
    20.080    17.392     4.428  1901.000
    21.382    18.065     5.869  1914.000
    23.021    18.913     7.987  1928.000
    20.337    15.591     0.206  1969.000
    20.343    15.767     0.333  2008.000
    19.285    15.976     0.468  2047.000
    17.962    16.239     0.614  2069.000
    16.375    16.555     0.793  2084.000
    14.523    16.925     1.039  2099.000
    15.623    17.241     1.329  2113.000
    16.967    17.628     1.756  2128.000
    18.555    18.085     2.283  2141.000
    20.510    18.651     3.002  2155.000
    20.857    19.070     3.892  2168.000
    21.291    19.597     4.976  2181.000
    21.829    20.249     6.521  2195.000
    22.506    21.070     8.624  2208.000
    24.658    18.021     0.256  2249.000
    24.672    18.449     0.420  2289.000
    24.816    18.872     0.607  2328.000
    24.996    19.403     0.805  2350.000
    25.212    20.038     1.106  2365.000
    25.465    20.779     1.461  2380.000
    25.465    20.779     1.829  2394.000
    25.465    20.779     2.313  2408.000
    25.465    20.779     2.928  2422.000
    25.465    20.779     3.596  2436.000
    25.465    20.779     4.546  2449.000
    25.465    20.779     5.644  2463.000
    25.465    20.779     7.127  2476.000
    25.465    20.779     9.014  2489.000
    28.672    21.840     0.325  2530.000
    28.685    22.263     0.522  2569.000
    28.871    22.683     0.752  2609.000
    29.103    23.207     0.994  2630.000
    29.381    23.837     1.345  2646.000
    29.705    24.570     1.794  2660.000
    29.493    24.591     2.225  2675.000
    29.233    24.616     2.836  2689.000
    28.925    24.645     3.512  2703.000
    28.548    24.682     4.333  2716.000
    27.151    24.418     5.291  2730.000
    25.405    24.088     6.318  2743.000
    23.239    23.680     7.608  2756.000
    20.514    23.167     9.105  2770.000
  nobs=         140
  obs xmin/max=  -1.03779999999999        29.7054000000000     
  obs ymin/max=  -2.35250000000000        24.6820000000000     
  obs zmin/max=  6.620000000000005E-002   9.10530000000000     
  obs tmin/max=  0.000000000000000E+000   2770.00000000000     
  dt=   92.0000000000000        2770.01000000000     
  b=
 -0.1604053E+01  0.4040377E+02
  0.3246652E+02  0.5529230E+02
 -0.1239492E+02  0.8101609E+02
  0.2176387E+02 -0.1492139E+02
  var=   1.95499167876928     
  b=
 -0.1172846E+01 -0.5018749E+00
  0.2407274E+02  0.2187843E+02
  0.2721229E-01  0.4591057E+02
  0.2390246E+02  0.1900943E+02
  var=   1.23396402708095     
  sig=   13.6122614638446       5.945626722757798E-007   22894577.9790406     
  sig=   8.59187338545539       3.752798321819466E-007   22894577.9886455     
 loop=           1         140  8.030187114867889E-002
  rms=  8.030187114867889E-002   1.39821016974176        1.11083933450385     
