Volume Start Time  Elevation  Lat  Lon
  0.90000000000000002  35.218200000000003  -97.557890909090915
  1.3  35.224581818181818  -97.557890909090915
  1.8  35.232559090909092  -97.566004545454547
  2.3999999999999999  35.242131818181818  -97.575740909090911
  3.1000000000000001  35.253300000000003  -97.587100000000007
  4.0  35.247202040816326  -97.586016326530611
  5.0999999999999996  35.239748979591837  -97.584691836734692
  6.4000000000000004  35.23094081632653  -97.583126530612248
  8.0  35.220100000000002  -97.581199999999995
  10.0  35.227108695652177  -97.572121739130424
  12.5  35.235869565217392  -97.560773913043477
  15.6  35.246733043478258  -97.546702608695654
  19.5  35.260399999999997  -97.528999999999996
  0.90000000000000002  35.217199999999998  -97.578709090909086
  1.3  35.22323636363636  -97.578709090909086
  1.8  35.230781818181818  -97.579095454545453
  2.3999999999999999  35.239836363636364  -97.579559090909086
  3.1000000000000001  35.250399999999999  -97.580100000000002
  4.0  35.246873469387758  -97.577289795918375
  5.0999999999999996  35.242563265306124  -97.573855102040824
  6.4000000000000004  35.237469387755105  -97.569795918367348
  8.0  35.231200000000001  -97.564800000000005
  10.0  35.233965217391308  -97.557008695652172
  12.5  35.23742173913044  -97.547269565217391
  15.6  35.241707826086959  -97.535193043478259
  19.5  35.247100000000003  -97.519999999999996
  0.90000000000000002  35.238199999999999  -97.555972727272732
  1.3  35.241727272727275  -97.555972727272732
  1.8  35.24613636363636  -97.560063636363637
  2.3999999999999999  35.25142727272727  -97.564972727272732
  3.1000000000000001  35.257599999999996  -97.570700000000002
  4.0  35.252677551020405  -97.569763265306122
  5.0999999999999996  35.246661224489792  -97.568618367346943
  6.4000000000000004  35.239551020408165  -97.567265306122451
  8.0  35.230800000000002  -97.565600000000003
  10.0  35.236121739130439  -97.563982608695653
  12.5  35.242773913043479  -97.561960869565212
  15.6  35.251022608695656  -97.55945391304347
  19.5  35.261400000000002  -97.556299999999993
  0.90000000000000002  35.232300000000002  -97.530699999999996
  1.3  35.23846363636364  -97.530699999999996
  1.8  35.246168181818184  -97.528449999999992
  2.3999999999999999  35.255413636363635  -97.525750000000002
  3.1000000000000001  35.266199999999998  -97.522599999999997
  4.0  35.260946938775511  -97.522618367346936
  5.0999999999999996  35.254526530612246  -97.522640816326529
  6.4000000000000004  35.246938775510202  -97.522667346938775
  8.0  35.2376  -97.5227
  10.0  35.242539130434785  -97.514700000000005
  12.5  35.248713043478261  -97.5047
  15.6  35.256368695652171  -97.4923
  19.5  35.265999999999998  -97.476699999999994
  0.90000000000000002  35.261400000000002  -97.500745454545452
  1.3  35.259854545454544  -97.500745454545452
  1.8  35.257922727272728  -97.504677272727278
  2.3999999999999999  35.255604545454545  -97.509395454545455
  3.1000000000000001  35.252899999999997  -97.514899999999997
  4.0  35.251522448979586  -97.51275102040816
  5.0999999999999996  35.249838775510199  -97.510124489795913
  6.4000000000000004  35.247848979591836  -97.507020408163271
  8.0  35.245399999999997  -97.503200000000007
  10.0  35.253521739130434  -97.506939130434787
  12.5  35.263673913043476  -97.511613043478263
  15.6  35.276262608695653  -97.517408695652179
  19.5  35.292099999999998  -97.524699999999996
  0.90000000000000002  35.257899999999999  -97.500127272727283
  1.3  35.259990909090909  -97.500127272727283
  1.8  35.262604545454543  -97.503286363636363
  2.3999999999999999  35.265740909090908  -97.507077272727273
  3.1000000000000001  35.269399999999997  -97.511499999999998
  4.0  35.268077551020404  -97.509075510204084
  5.0999999999999996  35.266461224489795  -97.506112244897963
  6.4000000000000004  35.264551020408163  -97.502610204081634
  8.0  35.2622  -97.4983
  10.0  35.265973913043482  -97.49779565217392
  12.5  35.270691304347828  -97.497165217391313
  15.6  35.276540869565217  -97.496383478260867
  19.5  35.283900000000003  -97.495400000000004
  0.90000000000000002  35.264200000000002  -97.500209090909081
  1.3  35.266981818181819  -97.500209090909081
  1.8  35.270459090909092  -97.500095454545445
  2.3999999999999999  35.274631818181817  -97.499959090909087
  3.1000000000000001  35.279499999999999  -97.499799999999993
  4.0  35.277222448979593  -97.498679591836733
  5.0999999999999996  35.274438775510205  -97.497310204081629
  6.4000000000000004  35.271148979591835  -97.495691836734693
  8.0  35.267099999999999  -97.493700000000004
  10.0  35.27151739130435  -97.492204347826089
  12.5  35.27703913043478  -97.490334782608699
  15.6  35.283886086956521  -97.488016521739127
  19.5  35.292499999999997  -97.485100000000003
  0.90000000000000002  35.277799999999999  -97.489890909090917
  1.3  35.281363636363636  -97.489890909090917
  1.8  35.285818181818186  -97.491004545454544
  2.3999999999999999  35.291163636363635  -97.492340909090913
  3.1000000000000001  35.297400000000003  -97.493899999999996
  4.0  35.295489795918371  -97.491604081632644
  5.0999999999999996  35.293155102040821  -97.488797959183671
  6.4000000000000004  35.290395918367345  -97.485481632653062
  8.0  35.286999999999999  -97.481399999999994
  10.0  35.29004347826087  -97.48249565217391
  12.5  35.293847826086953  -97.483865217391298
  15.6  35.2985652173913  -97.485563478260872
  19.5  35.304499999999997  -97.487700000000004
  0.90000000000000002  35.292299999999997  -97.479809090909086
  1.3  35.294518181818177  -97.479809090909086
  1.8  35.297290909090904  -97.476445454545456
  2.3999999999999999  35.30061818181818  -97.472409090909082
  3.1000000000000001  35.304499999999997  -97.467699999999994
  4.0  35.303269387755101  -97.469004081632647
  5.0999999999999996  35.301765306122448  -97.470597959183664
  6.4000000000000004  35.299987755102045  -97.472481632653057
  8.0  35.297800000000002  -97.474800000000002
  10.0  35.301434782608695  -97.472660869565217
  12.5  35.305978260869566  -97.469986956521737
  15.6  35.311612173913041  -97.466671304347827
  19.5  35.3187  -97.462500000000006
  0.90000000000000002  35.311  -97.46399090909091
  1.3  35.311509090909091  -97.46399090909091
  1.8  35.312145454545458  -97.462604545454553
  2.3999999999999999  35.312909090909088  -97.460940909090908
  3.1000000000000001  35.313800000000001  -97.459000000000003
  4.0  35.314222448979592  -97.459440816326534
  5.0999999999999996  35.314738775510207  -97.459979591836742
  6.4000000000000004  35.315348979591839  -97.460616326530612
  8.0  35.316099999999999  -97.461399999999998
  10.0  35.316691304347827  -97.459765217391308
  12.5  35.317430434782608  -97.457721739130434
  15.6  35.318346956521737  -97.455187826086956
  19.5  35.319499999999998  -97.451999999999998
  0.90000000000000002  35.319600000000001  -97.437163636363636
  1.3  35.322945454545454  -97.437163636363636
  1.8  35.327127272727274  -97.429868181818179
  2.3999999999999999  35.332145454545454  -97.421113636363629
  3.1000000000000001  35.338000000000001  -97.410899999999998
  4.0  35.335410204081633  -97.413324489795912
  5.0999999999999996  35.332244897959185  -97.416287755102033
  6.4000000000000004  35.328504081632651  -97.419789795918362
  8.0  35.323900000000002  -97.424099999999996
  10.0  35.326404347826085  -97.423213043478256
  12.5  35.329534782608697  -97.422104347826078
  15.6  35.333416521739132  -97.420729565217385
  19.5  35.338299999999997  -97.418999999999997
