     -0.0099980      1.9997991     -0.1437310      2.0211763      5.6793645      1.7792363      0.0000000      5.3930480      0.5689642     -0.2863165     -1.2102720
      0.0579971      2.0596604     -0.1385327      2.0972278      5.5171061      1.7456538      0.5000000      6.4803017     -0.4066624      0.9631956     -2.1523162
      0.1259922      2.1195219     -0.1480810      2.1789939      5.3548477      1.7120713      1.0000000      8.5248882     -1.1849524      3.1700406     -2.8970237
      0.1939873      2.1793830     -0.1710382      2.2517080      5.1925892      1.6784888      1.5000000     11.0580750     -1.3032185      5.8654858     -2.9817073
      0.2619823      2.2392445     -0.1947905      2.2893534      5.0303308      1.6449063      2.0000000     13.3084633     -0.5639240      8.2781325     -2.2088303
      0.3299774      2.2991056     -0.2041845      2.2628474      4.8680723      1.6113238      2.5000000     14.6849328      1.0310278      9.8168605     -0.5802960
      0.3979725      2.3589671     -0.1885802      2.1569462      4.7058139      1.5777413      3.0000000     15.0253609      3.4559195     10.3195471      1.8781782
      0.4659675      2.4188282     -0.1329147      2.0038605      4.5435555      1.5441588      3.5000000     14.3995170      6.3255183      9.8559616      4.7813595
      0.5339626      2.4786894     -0.0133141      1.8903704      4.3812970      1.5105763      4.0000000     12.8739175      8.5521343      8.4926205      7.0415580
      0.6019577      2.5385509      0.1858209      1.8891789      4.2190386      1.4769939      4.5000000     10.5943918      9.0729531      6.3753532      7.5959593
      0.6699528      2.5984120      0.4515169      1.9862727      4.0567801      1.4434114      5.0000000      7.9549797      7.9609530      3.8981996      6.5175416
      0.7379478      2.6582735      0.7457157      2.1117387      3.8945217      1.4098289      5.5000000      5.5321461      6.2555356      1.6376244      4.8457067
      0.8059429      2.7181346      1.0399992      2.2264144      3.7322632      1.3762464      6.0000000      3.8342263      4.8090673      0.1019630      3.4328209
      0.8739380      2.7779961      1.3581835      2.3441103      3.5700048      1.3426639      6.5000000      3.0967735      3.7712344     -0.4732313      2.4285705
      0.9419330      2.8378572      1.7710249      2.4885309      3.4077464      1.3090814      7.0000000      3.2511254      2.9782809     -0.1566210      1.6691995
      1.0099281      2.8977187      2.3036761      2.6596193      3.2454879      1.2754989      7.5000000      3.9930400      2.3429870      0.7475521      1.0674881
      1.0779232      2.9575799      2.8248503      2.8337419      3.0832295      1.2419164      8.0000000      4.8387761      1.8680103      1.7555466      0.6260939
      1.1459183      3.0174413      3.0835199      2.9813180      2.9209710      1.2083340      8.5000000      5.2618755      1.5480454      2.3409045      0.3397114
