      4.2580805      4.6768351      4.6268163      4.6867933      2.0108668      3.0442514      0.0000000     -7.1488037      5.4050710     -9.1596706      2.3608196
      4.2856846      4.7655439      4.5439420      4.9350863      2.1003491      3.1298119      0.5000000     -7.0210319      4.8478429     -9.1213811      1.7180310
      4.3132892      4.8542528      4.3249621      5.2165422      2.1898314      3.2153723      1.0000000     -4.0234880      3.3064234     -6.2133194      0.0910511
      4.3408933      4.9429622      4.1303353      5.4020982      2.2793137      3.3009328      1.5000000      0.2809464      1.4493222     -1.9983673     -1.8516106
      4.3684978      5.0316710      4.1077247      5.4078674      2.3687960      3.3864932      2.0000000      4.0348463     -0.2797423      1.6660503     -3.6662355
      4.3961020      5.1203799      4.2553029      5.2811389      2.4582783      3.4720537      2.5000000      6.5197850     -1.7565697      4.0615067     -5.2286234
      4.4237065      5.2090893      4.4481754      5.1596074      2.5477606      3.5576141      3.0000000      7.6902946     -2.4844320      5.1425340     -6.0420462
      4.4513106      5.2977982      4.5734119      5.1478281      2.6372428      3.6431746      3.5000000      7.6155000     -1.8850851      4.9782572     -5.5282597
      4.4789147      5.3865075      4.6149287      5.2434411      2.7267251      3.7287350      4.0000000      6.8133813     -0.3065504      4.0866561     -4.0352854
      4.5065193      5.4752164      4.6200128      5.3799810      2.8162074      3.8142955      4.5000000      6.0710368      1.2418750      3.2548294     -2.5724205
      4.5341234      5.5639253      4.6248827      5.5100641      2.9056897      3.8998559      5.0000000      5.6774287      2.2565161      2.7717390     -1.6433398
      4.5617280      5.6526346      4.6339221      5.6284666      2.9951720      3.9854164      5.5000000      5.4194600      2.9423683      2.4242880     -1.0430481
      4.5893321      5.7413435      4.6434603      5.7434225      3.0846543      4.0709768      6.0000000      5.1762130      3.5348817      2.0915587     -0.5360952
      4.6169362      5.8300529      4.6548924      5.8565946      3.1741366      4.1565373      6.5000000      5.0578470      3.9622712      1.8837105     -0.1942661
      4.6445408      5.9187617      4.6692719      5.9647655      3.2636188      4.2420977      7.0000000      5.1106675      4.0484196      1.8470487     -0.1936782
      4.6721449      6.0074706      4.6848860      6.0643764      3.3531011      4.3276582      7.5000000      5.1886362      3.7941536      1.8355351     -0.5335046
      4.6997495      6.0961800      4.7016096      6.1530228      3.4425834      4.4132186      8.0000000      5.1075714      3.4610649      1.6649880     -0.9521537
      4.7273536      6.1848888      4.7220874      6.2314706      3.5320657      4.4987791      8.5000000      4.8233827      3.3763470      1.2913170     -1.1224321
