      0.0000000      0.0000000      0.5000000      0.0000000
      0.0044000      0.6885000      0.7106000     41.0000000
     -0.7046000      1.5535000      0.9623000     65.0000000
     -1.5560000      2.5915000      1.3104000     80.0000000
     -1.8350000     -0.0955000      0.5326000    323.0000000
     -1.8308000      0.5555000      0.7574000    361.0000000
     -1.8590000      1.3700000      1.0084000    381.0000000
     -1.8936000      2.3470000      1.2989000    396.0000000
      0.1854000      2.5365000      0.6863000    674.0000000
     -0.1724000      3.0145000      0.9396000    695.0000000
     -0.6008000      3.5875000      1.2225000    710.0000000
      2.4088000      2.1710000      0.6353000    989.0000000
      2.6120000      3.0010000      0.8461000   1009.0000000
      2.8558000      3.9955000      1.0608000   1025.0000000
      3.1402000      5.1575000      1.3301000   1039.0000000
      5.0601000      4.4625000      0.5470000   1300.0000000
      4.7129000      4.2555000      0.7594000   1319.0000000
      4.2963000      4.0080000      1.0030000   1334.0000000
      3.8095000      3.7190000      1.3224000   1348.0000000
      5.1146000      4.4760000      0.5455000   1607.0000000
      4.8381000      4.7590000      0.7334000   1626.0000000
      4.5062000      5.1000000      0.9800000   1641.0000000
      4.1195000      5.4970000      1.2728000   1655.0000000
      5.1121000      5.2305000      0.5386000   1914.0000000
      5.1237000      5.6060000      0.7290000   1933.0000000
      5.1383000      6.0555000      0.9346000   1949.0000000
      5.1554000      6.5805000      1.1917000   1963.0000000
      6.0289000      6.7760000      0.5032000   2222.0000000
      5.9336000      7.2575000      0.6704000   2241.0000000
      5.8193000      7.8340000      0.8864000   2256.0000000
      5.6860000      8.5070000      1.1345000   2270.0000000
      5.8863000      8.3000000      1.4246000   2322.0000000
      7.2215000      8.4870000      0.6300000   2549.0000000
      7.5786000      8.8440000      0.7947000   2564.0000000
      7.9958000      9.2605000      0.9934000   2579.0000000
      7.8803000      9.1280000      1.2739000   2630.0000000
      8.4479000     10.0825000      0.5719000   2859.0000000
      8.5954000     10.1645000      0.7453000   2874.0000000
      8.7664000     10.2595000      0.9372000   2888.0000000
      8.7277000     10.3050000      1.1954000   2940.0000000
     12.1094000     12.2205000      0.5748000   3181.0000000
     13.0110000     12.8485000      0.6873000   3195.0000000
     12.7963000     12.5695000      0.8866000   3247.0000000
     12.5336000     12.2290000      1.1484000   3261.0000000
     12.2236000     11.8270000      1.4896000   3275.0000000
