      8.6954269      9.4048929      8.3727465      9.6721315      6.0294000      5.4816421      0.0000000     -0.0251283      7.1266119     -6.0545284      1.6449698
      8.6691999      9.4553661      8.3017178      9.7184467      5.8398140      5.3250715      0.5000000     -0.1444847      7.4261552     -5.9842987      2.1010837
      8.6429729      9.5058393      8.3047190      9.6931763      5.6502280      5.1685009      1.0000000      1.6723889      7.7179588     -3.9778392      2.5494579
      8.6167459      9.5563126      8.3452206      9.6288948      5.4606420      5.0119303      1.5000000      4.5619055      8.1127974     -0.8987365      3.1008671
      8.5905190      9.6067867      8.3735914      9.5749226      5.2710560      4.8553597      2.0000000      7.2161785      8.5031732      1.9451225      3.6478135
      8.5642929      9.6572599      8.3767681      9.5696173      5.0814700      4.6987891      2.5000000      8.7208777      8.4415940      3.6394077      3.7428049
      8.5380659      9.7077332      8.3711529      9.6225691      4.8918840      4.5422185      3.0000000      8.8879348      7.5693591      3.9960508      3.0271406
      8.5118389      9.7582073      8.3669090      9.7166004      4.7022980      4.3856479      3.5000000      8.1929783      6.0835800      3.4906803      1.6979321
      8.4856119      9.8086805      8.3659363      9.8370781      4.5127120      4.2290773      4.0000000      7.2467119      4.4075209      2.7339999      0.1784436
      8.4593849      9.8591537      8.3818388      9.9952869      4.3231260      4.0725067      4.5000000      6.1875344      2.5406783      1.8644084     -1.5318284
      8.4331589      9.9096270      8.4302244     10.2014046      4.1335400      3.9159361      5.0000000      4.8086693      0.2621082      0.6751293     -3.6538279
      8.4069319      9.9601011      8.4968767     10.4140472      3.9439540      3.7593655      5.5000000      3.2126819     -2.0421336     -0.7312721     -5.8014991
      8.3807049     10.0105743      8.5376072     10.5472860      3.7543680      3.6027949      6.0000000      1.9662766     -3.3180035     -1.7880913     -6.9207984
      8.3544779     10.0610476      8.5195827     10.5485678      3.5647820      3.4462243      6.5000000      1.5327197     -2.8732266     -2.0320623     -6.3194510
      8.3282509     10.1115217      8.4522877     10.4536390      3.3751960      3.2896537      7.0000000      1.8023116     -1.1587552     -1.5728844     -4.4484089
      8.3020248     10.1619949      8.3718624     10.3481026      3.1856100      3.1330831      7.5000000      2.2876412      0.7089016     -0.8979688     -2.4241815
      8.2757978     10.2124681      8.3058491     10.2911062      2.9960240      2.9765125      8.0000000      2.6069187      1.9511688     -0.3891052     -1.0253437
      8.2495708     10.2629414      8.2595434     10.2887812      2.8064380      2.8199419      8.5000000      2.6768395      2.4828380     -0.1295985     -0.3371039
