      5.9129682      6.7017279      6.0531073      6.5598321      3.9974763      4.2594912      0.0000000      0.3164263     10.2846267     -3.6810500      6.0251355
      5.9528069      6.8052073      6.0182700      6.8577375      3.9489889      4.2250510      0.5000000     -1.6243723     14.5769550     -5.5733613     10.3519040
      5.9926453      6.9086862      5.9323864      7.2384982      3.9005016      4.1906108      1.0000000     -2.9265704     17.9686211     -6.8270720     13.7780103
      6.0324841      7.0121651      5.8745928      7.5221701      3.8520143      4.1561705      1.5000000     -2.8156700     18.3203567     -6.6676843     14.1641861
      6.0723224      7.1156440      5.8997240      7.5975938      3.8035270      4.1217303      2.0000000     -1.3055924     15.4073319     -5.1091193     11.2856016
      6.1121612      7.2191229      5.9910440      7.5260491      3.7550397      4.0872901      2.5000000      0.7253506     11.1586117     -3.0296891      7.0713216
      6.1519995      7.3226018      6.0946193      7.4466949      3.7065523      4.0528498      3.0000000      2.2747304      7.7427620     -1.4318219      3.6899122
      6.1918383      7.4260812      6.1760564      7.4378042      3.6580650      4.0184096      3.5000000      2.9481481      6.0067116     -0.7099169      1.9883020
      6.2316766      7.5295601      6.2345333      7.4940100      3.6095777      3.9839694      4.0000000      2.9798636      5.5676002     -0.6297141      1.5836309
      6.2715154      7.6330390      6.2827172      7.5847592      3.5610904      3.9495291      4.5000000      2.7596433      5.6076743     -0.8014471      1.6581452
      6.3113537      7.7365179      6.3300734      7.6936016      3.5126030      3.9150889      5.0000000      2.4782894      5.4614085     -1.0343136      1.5463196
      6.3511925      7.8399968      6.3804040      7.8154974      3.4641157      3.8806487      5.5000000      2.1319127      4.8871302     -1.3322030      1.0064816
      6.3910308      7.9434757      6.4331665      7.9441938      3.4156284      3.8462084      6.0000000      1.7206903      4.0513319     -1.6949381      0.2051234
      6.4308696      8.0469551      6.4833894      8.0697508      3.3671411      3.8117682      6.5000000      1.3909669      3.3008570     -1.9761741     -0.5109112
      6.4707079      8.1504335      6.5244918      8.1837702      3.3186537      3.7773279      7.0000000      1.3598601      2.9053966     -1.9587936     -0.8719313
      6.5105467      8.2539129      6.5545583      8.2847776      3.2701664      3.7428877      7.5000000      1.6923964      2.9052035     -1.5777700     -0.8376842
      6.5503850      8.3573914      6.5787792      8.3783407      3.2216791      3.7084475      8.0000000      2.2117790      3.1323405     -1.0099001     -0.5761070
      6.5902238      8.4608707      6.6045752      8.4717007      3.1731918      3.6740072      8.5000000      2.6648815      3.3744789     -0.5083102     -0.2995284
