      2.6330452      3.1627963      2.7070129      3.4043300      3.8451157      2.4117438      0.0000000      4.2541324      0.5780615      0.4090167     -1.8336823
      2.6459160      3.2205503      2.7869751      3.7173347      3.8087276      2.4377328      0.5000000      1.7397746     -5.9268142     -2.0689530     -8.3645470
      2.6587865      3.2783043      2.8783765      4.0007586      3.7723395      2.4637218      1.0000000     -1.3319359    -13.5973728     -5.1042754    -16.0610946
      2.6716573      3.3360584      2.9789116      4.0968633      3.7359515      2.4897108      1.5000000     -2.9296173    -17.9343772     -6.6655687    -20.4240880
      2.6845279      3.3938127      3.0776083      3.9242988      3.6995634      2.5156998      2.0000000     -2.1771834    -16.9952811     -5.8767468    -19.5109809
      2.6973987      3.4515667      3.1235557      3.5105293      3.6631753      2.5416887      2.5000000     -0.1173171    -13.3927663     -3.7804924    -15.9344551
      2.7102692      3.5093207      3.0890701      2.9874189      3.6267872      2.5676777      3.0000000      2.1717375    -10.5839439     -1.4550497    -13.1516217
      2.7231400      3.5670748      3.0714641      2.5953410      3.5903991      2.5936667      3.5000000      5.1605956     -8.9445279      1.5701964    -11.5381946
      2.7360106      3.6248288      3.2148733      2.5537419      3.5540111      2.6196557      4.0000000      9.6772442     -6.8198692      6.1232332     -9.4395249
      2.7488813      3.6825831      3.5085180      2.8462508      3.5176230      2.6456447      4.5000000     15.0030263     -3.8320797     11.4854033     -6.4777244
      2.7617519      3.7403371      3.7901018      3.2376835      3.4812349      2.6716337      5.0000000     19.6277617     -1.2312769     16.1465268     -3.9029106
      2.7746227      3.7980912      3.9745612      3.5416584      3.4448468      2.6976226      5.5000000     23.7249832      0.5225868     20.2801363     -2.1750359
      2.7874932      3.8558452      4.1367645      3.7690532      3.4084588      2.7236116      6.0000000     28.8750580      2.6166641     25.4665992     -0.1069476
      2.8003640      3.9135995      4.3125997      3.9946175      3.3720707      2.7496006      6.5000000     34.4698270      5.7628629     31.0977563      3.0132623
      2.8132346      3.9713535      4.3648138      4.1991124      3.3356826      2.7755896      7.0000000     36.5608333      8.6299101     33.2251506      5.8543205
      2.8261054      4.0291076      4.1535239      4.3085885      3.2992945      2.8015786      7.5000000     32.1209966      9.3959382     28.8217020      6.5943596
      2.8389759      4.0868616      3.7414477      4.3132687      3.2629065      2.8275675      8.0000000     22.9361437      7.9645811     19.6732372      5.1370136
      2.8518467      4.1446157      3.3308659      4.2768660      3.2265184      2.8535565      8.5000000     13.6975820      5.7793052     10.4710636      2.9257487
