     0.000     0.000    -3.478     1.283     3.478    -1.283     0.500     0.000     0.000     0.000   -20.246
     0.004     0.689    -3.108     1.366     3.112    -0.677     0.711    41.000     0.000     0.000   -12.273
    -0.705     1.554    -2.853     1.436     2.149     0.117     0.962    65.000     0.000     0.000     3.118
    -1.556     2.591    -2.633     1.514     1.077     1.078     1.310    80.000     0.000     0.000    45.015
    -2.548     3.803    -2.149     1.638    -0.399     2.164     1.703   136.000     0.000     0.000   100.445
    -2.457     3.144    -1.923     1.726    -0.534     1.419     2.140   151.000     0.000     0.000   110.609
    -2.346     2.340    -1.661     1.838    -0.684     0.502     2.743   165.000     0.000     0.000   143.752
    -2.214     1.389    -1.380     1.965    -0.835    -0.576     3.463   178.000     0.000     0.000  -145.383
    -2.052     0.219    -1.062     2.114    -0.991    -1.895     4.328   192.000     0.000     0.000  -117.597
    -1.247     0.969    -0.738     2.270    -0.509    -1.301     5.257   206.000     0.000     0.000  -111.392
    -0.242     1.908    -0.417     2.429     0.175    -0.521     6.237   219.000     0.000     0.000   -71.449
     1.005     3.071    -0.057     2.615     1.063     0.456     7.409   232.000     0.000     0.000    23.236
     2.573     4.535     0.303     2.805     2.270     1.730     8.629   246.000     0.000     0.000    37.312
    -1.835    -0.096    -1.298     1.693    -0.537    -1.788     0.533   323.000     0.000     0.000  -106.728
    -1.831     0.555    -1.017     1.780    -0.814    -1.224     0.757   361.000     0.000     0.000  -123.620
    -1.859     1.370    -0.847     1.843    -1.012    -0.473     1.008   381.000     0.000     0.000  -154.932
    -1.894     2.347    -0.704     1.904    -1.190     0.443     1.299   396.000     0.000     0.000   159.589
    -1.934     3.486    -0.553     1.972    -1.381     1.513     1.648   411.000     0.000     0.000   132.376
    -1.689     3.103    -0.192     2.106    -1.497     0.996     2.081   464.000     0.000     0.000   146.359
    -1.389     2.636    -0.030     2.197    -1.359     0.440     2.632   478.000     0.000     0.000   162.063
    -1.035     2.086     0.146     2.301    -1.181    -0.216     3.305   492.000     0.000     0.000  -169.655
    -0.599     1.406     0.326     2.414    -0.925    -1.008     4.054   506.000     0.000     0.000  -132.550
     0.089     1.700     0.516     2.542    -0.428    -0.842     4.954   519.000     0.000     0.000  -116.923
     0.949     2.068     0.718     2.684     0.230    -0.616     5.963   533.000     0.000     0.000   -69.520
     2.015     2.523     0.937     2.848     1.079    -0.325     7.182   546.000     0.000     0.000   -16.748
     3.357     3.097     1.167     3.030     2.190     0.067     8.552   560.000     0.000     0.000     1.748
     0.183     2.156     0.498     2.205    -0.315    -0.048     0.480   637.000     0.000     0.000  -171.300
     0.185     2.537     0.711     2.297    -0.526     0.239     0.686   674.000     0.000     0.000   155.551
    -0.172     3.014     0.842     2.366    -1.014     0.649     0.940   695.000     0.000     0.000   147.397
    -0.601     3.587     0.942     2.426    -1.543     1.161     1.222   710.000     0.000     0.000   143.027
    -1.101     4.256     1.041     2.493    -2.142     1.763     1.582   724.000     0.000     0.000   140.546
    -1.022     3.726     1.326     2.648    -2.348     1.078     2.023   778.000     0.000     0.000   155.329
    -0.925     3.077     1.428     2.736    -2.353     0.341     2.571   792.000     0.000     0.000   171.762
    -0.811     2.308     1.536     2.841    -2.348    -0.533     3.270   806.000     0.000     0.000  -167.215
    -0.670     1.363     1.643     2.955    -2.314    -1.591     4.072   819.000     0.000     0.000  -145.477
    -0.524     1.937     1.760     3.090    -2.284    -1.153     5.042   833.000     0.000     0.000  -153.222
    -0.341     2.652     1.882     3.244    -2.224    -0.592     6.189   847.000     0.000     0.000  -165.100
    -0.115     3.542     2.015     3.434    -2.130     0.107     7.679   860.000     0.000     0.000   177.117
     0.170     4.658     2.159     3.658    -1.989     1.000     9.458   874.000     0.000     0.000   153.318
     2.405     1.505     1.999     2.843     0.406    -1.338     0.447   951.000     0.000     0.000   -73.131
     2.409     2.171     2.168     2.950     0.241    -0.779     0.635   989.000     0.000     0.000   -72.793
     2.612     3.001     2.258     3.019     0.354    -0.018     0.846  1009.000     0.000     0.000    -2.948
     2.856     3.996     2.330     3.081     0.526     0.915     1.061  1025.000     0.000     0.000    60.108
     3.140     5.157     2.394     3.144     0.746     2.014     1.330  1039.000     0.000     0.000    69.675
     3.135     4.591     2.609     3.315     0.525     1.277     1.702  1092.000     0.000     0.000    67.637
     3.129     3.899     2.674     3.405     0.454     0.494     2.182  1106.000     0.000     0.000    47.387
     3.122     3.081     2.741     3.512     0.380    -0.431     2.797  1120.000     0.000     0.000   -48.567
     3.113     2.073     2.809     3.632     0.304    -1.559     3.517  1134.000     0.000     0.000   -78.969
     3.821     2.602     2.872     3.753     0.948    -1.151     4.253  1147.000     0.000     0.000   -50.528
     4.705     3.263     2.939     3.887     1.766    -0.624     5.060  1161.000     0.000     0.000   -19.464
     5.802     4.082     3.004     4.034     2.797     0.047     5.992  1174.000     0.000     0.000     0.969
     7.181     5.114     3.072     4.192     4.109     0.922     6.964  1188.000     0.000     0.000    12.647
     5.061     4.628     3.194     3.595     1.867     1.033     0.378  1264.000     0.000     0.000    28.952
     5.060     4.463     3.315     3.712     1.745     0.750     0.547  1300.000     0.000     0.000    23.262
     4.713     4.256     3.380     3.791     1.333     0.464     0.759  1319.000     0.000     0.000    19.203
     4.296     4.008     3.432     3.865     0.864     0.143     1.003  1334.000     0.000     0.000     9.427
     3.809     3.719     3.483     3.946     0.327    -0.227     1.322  1348.000     0.000     0.000   -34.810
     3.998     3.570     3.649     4.143     0.349    -0.573     1.665  1400.000     0.000     0.000   -58.602
     4.228     3.387     3.701     4.246     0.527    -0.859     2.104  1414.000     0.000     0.000   -58.451
     4.500     3.170     3.756     4.364     0.744    -1.194     2.637  1428.000     0.000     0.000   -58.064
     4.835     2.905     3.813     4.493     1.022    -1.589     3.230  1442.000     0.000     0.000   -57.245
     4.511     3.782     3.875     4.654     0.636    -0.872     4.047  1455.000     0.000     0.000   -53.909
     4.106     4.880     3.946     4.849     0.160     0.031     5.049  1469.000     0.000     0.000    10.880
     3.603     6.240     4.027     5.094    -0.423     1.146     6.380  1482.000     0.000     0.000   110.268
     2.972     7.952     4.127     5.415    -1.155     2.537     8.155  1496.000     0.000     0.000   114.485
     5.113     4.252     4.070     4.457     1.043    -0.205     0.380  1571.000     0.000     0.000   -11.134
     5.115     4.476     4.161     4.594     0.954    -0.118     0.545  1607.000     0.000     0.000    -7.037
     4.838     4.759     4.213     4.684     0.625     0.075     0.733  1626.000     0.000     0.000     6.810
     4.506     5.100     4.259     4.774     0.247     0.326     0.980  1641.000     0.000     0.000    52.815
     4.120     5.497     4.306     4.870    -0.186     0.627     1.273  1655.000     0.000     0.000   106.553
     4.332     5.353     4.444     5.100    -0.112     0.253     1.594  1707.000     0.000     0.000   113.925
     4.592     5.177     4.504     5.225     0.088    -0.048     2.010  1721.000     0.000     0.000   -28.844
     4.899     4.969     4.573     5.369     0.326    -0.400     2.512  1735.000     0.000     0.000   -50.770
     5.277     4.714     4.648     5.524     0.630    -0.810     3.065  1749.000     0.000     0.000   -52.135
     5.324     5.120     4.736     5.717     0.587    -0.597     3.820  1762.000     0.000     0.000   -45.444
     5.382     5.628     4.841     5.943     0.541    -0.314     4.713  1776.000     0.000     0.000   -30.130
     5.455     6.260     4.966     6.219     0.489     0.041     5.866  1789.000     0.000     0.000     4.765
     5.546     7.053     5.119     6.559     0.427     0.493     7.306  1803.000     0.000     0.000    49.136
     5.110     4.931     4.791     5.451     0.319    -0.520     0.375  1878.000     0.000     0.000   -58.458
     5.112     5.231     4.907     5.613     0.205    -0.383     0.539  1914.000     0.000     0.000   -61.834
     5.124     5.606     4.980     5.722     0.144    -0.116     0.729  1933.000     0.000     0.000   -38.834
     5.138     6.056     5.046     5.824     0.093     0.231     0.935  1949.000     0.000     0.000    68.189
     5.155     6.580     5.111     5.930     0.044     0.650     1.192  1963.000     0.000     0.000    86.109
     5.253     6.335     5.304     6.194    -0.052     0.141     1.507  2015.000     0.000     0.000   110.169
     5.372     6.033     5.387     6.335    -0.015    -0.302     1.918  2029.000     0.000     0.000   -92.815
     5.512     5.678     5.473     6.489     0.039    -0.811     2.403  2042.000     0.000     0.000   -87.227
     5.685     5.240     5.571     6.667     0.114    -1.427     2.985  2056.000     0.000     0.000   -85.444
     5.820     5.716     5.681     6.871     0.139    -1.155     3.689  2070.000     0.000     0.000   -83.161
     5.987     6.311     5.800     7.101     0.188    -0.791     4.534  2083.000     0.000     0.000   -76.639
     6.196     7.047     5.939     7.379     0.256    -0.332     5.586  2097.000     0.000     0.000   -52.343
     6.457     7.974     6.097     7.708     0.360     0.267     6.897  2110.000     0.000     0.000    36.535
     6.027     6.392     5.808     6.632     0.219    -0.240     0.351  2186.000     0.000     0.000   -47.614
     6.029     6.776     5.961     6.814     0.068    -0.038     0.503  2222.000     0.000     0.000   -29.428
     5.934     7.258     6.050     6.929    -0.116     0.328     0.670  2241.000     0.000     0.000   109.485
     5.819     7.834     6.126     7.037    -0.307     0.797     0.886  2256.000     0.000     0.000   111.090
     5.686     8.507     6.202     7.148    -0.516     1.359     1.135  2270.000     0.000     0.000   110.772
     5.886     8.300     6.435     7.429    -0.549     0.871     1.425  2322.000     0.000     0.000   122.235
     6.132     8.046     6.522     7.567    -0.390     0.479     1.798  2337.000     0.000     0.000   129.164
     6.423     7.748     6.604     7.707    -0.181     0.041     2.230  2350.000     0.000     0.000   167.351
     6.780     7.381     6.692     7.864     0.088    -0.483     2.731  2364.000     0.000     0.000   -79.668
     6.685     7.708     6.785     8.052    -0.101    -0.344     3.433  2377.000     0.000     0.000  -106.315
     6.567     8.119     6.889     8.272    -0.322    -0.153     4.288  2391.000     0.000     0.000  -154.632
     6.420     8.630     7.003     8.539    -0.583     0.090     5.419  2405.000     0.000     0.000   171.173
     6.236     9.270     7.127     8.863    -0.892     0.407     6.884  2419.000     0.000     0.000   155.487
     6.923     7.951     7.157     8.008    -0.234    -0.057     0.328  2494.000     0.000     0.000  -166.393
     6.924     8.190     7.340     8.206    -0.416    -0.016     0.472  2530.000     0.000     0.000  -177.795
     7.221     8.487     7.439     8.323    -0.218     0.164     0.630  2549.000     0.000     0.000   143.052
     7.579     8.844     7.518     8.422     0.061     0.422     0.795  2564.000     0.000     0.000    81.773
     7.996     9.261     7.596     8.526     0.400     0.735     0.993  2579.000     0.000     0.000    61.452
     7.880     9.128     7.856     8.814     0.024     0.314     1.274  2630.000     0.000     0.000    85.589
     7.739     8.966     7.930     8.935    -0.191     0.031     1.628  2645.000     0.000     0.000   170.784
     7.572     8.777     7.991     9.059    -0.419    -0.282     2.080  2658.000     0.000     0.000  -146.042
     7.367     8.540     8.052     9.193    -0.685    -0.653     2.607  2672.000     0.000     0.000  -136.386
     7.557     8.932     8.106     9.336    -0.549    -0.404     3.227  2686.000     0.000     0.000  -143.691
     7.795     9.421     8.153     9.487    -0.358    -0.066     3.952  2700.000     0.000     0.000  -169.584
     8.090    10.026     8.187     9.655    -0.097     0.371     4.869  2714.000     0.000     0.000   104.695
     8.461    10.789     8.204     9.843     0.257     0.946     6.020  2728.000     0.000     0.000    74.812
     8.326     9.960     8.847     9.587    -0.521     0.373     0.296  2803.000     0.000     0.000   144.408
     8.326    10.014     9.062     9.800    -0.736     0.214     0.427  2840.000     0.000     0.000   163.771
     8.448    10.082     9.166     9.915    -0.718     0.168     0.572  2859.000     0.000     0.000   166.857
     8.595    10.165     9.241    10.009    -0.646     0.156     0.745  2874.000     0.000     0.000   166.455
     8.766    10.260     9.308    10.097    -0.541     0.162     0.937  2888.000     0.000     0.000   163.310
     8.728    10.305     9.594    10.391    -0.867    -0.086     1.195  2940.000     0.000     0.000  -174.327
     8.681    10.361     9.638    10.479    -0.957    -0.118     1.520  2954.000     0.000     0.000  -172.947
     8.625    10.428     9.667    10.566    -1.042    -0.139     1.929  2968.000     0.000     0.000  -172.418
     8.556    10.509     9.683    10.651    -1.127    -0.142     2.391  2982.000     0.000     0.000  -172.837
     8.701    10.572     9.670    10.728    -0.969    -0.156     2.973  2995.000     0.000     0.000  -170.840
     8.880    10.650     9.638    10.805    -0.758    -0.155     3.666  3009.000     0.000     0.000  -168.425
     9.105    10.748     9.559    10.872    -0.454    -0.124     4.564  3022.000     0.000     0.000  -164.669
     9.385    10.870     9.439    10.935    -0.054    -0.064     5.659  3036.000     0.000     0.000  -130.052
    10.691    10.874    10.875    11.364    -0.184    -0.489     0.253  3111.000     0.000     0.000  -110.662
    10.693    11.236    11.108    11.580    -0.416    -0.344     0.364  3147.000     0.000     0.000  -140.393
    11.336    11.683    11.220    11.690     0.117    -0.007     0.473  3166.000     0.000     0.000    -3.673
    12.109    12.220    11.302    11.776     0.807     0.444     0.575  3181.000     0.000     0.000    28.844
    13.011    12.848    11.374    11.854     1.637     0.995     0.687  3195.000     0.000     0.000    31.292
    12.796    12.569    11.694    12.153     1.103     0.417     0.887  3247.000     0.000     0.000    20.716
    12.534    12.229    11.717    12.210     0.816     0.019     1.148  3261.000     0.000     0.000     1.298
    12.224    11.827    11.713    12.256     0.511    -0.429     1.490  3275.000     0.000     0.000   -40.023
    11.842    11.332    11.681    12.289     0.161    -0.957     1.899  3289.000     0.000     0.000   -80.435
    11.922    11.603    11.618    12.303     0.304    -0.701     2.365  3302.000     0.000     0.000   -66.531
    12.021    11.940    11.522    12.304     0.499    -0.365     2.925  3316.000     0.000     0.000   -36.167
    12.144    12.357    11.354    12.268     0.790     0.089     3.652  3329.000     0.000     0.000     6.420
    12.299    12.883    11.112    12.198     1.187     0.685     4.570  3343.000     0.000     0.000    30.007
