     -1.2473000      0.9690000      5.2572000    206.0000000
      0.0887000      1.7000000      4.9539000    519.0000000
     -0.5240000      1.9370000      5.0421000    833.0000000
      4.7052000      3.2625000      5.0602000   1161.0000000
      4.1059000      4.8800000      5.0488000   1469.0000000
      5.3824000      5.6285000      4.7128000   1776.0000000
      5.9874000      6.3105000      4.5344000   2083.0000000
      6.4199000      8.6295000      5.4188000   2405.0000000
      8.0898000     10.0260000      4.8693000   2714.0000000
      9.1046000     10.7480000      4.5645000   3022.0000000
     12.2985000     12.8830000      4.5703000   3343.0000000
