     -2.5478000      3.8025000      1.7029000    136.0000000
     -2.4568000      3.1445000      2.1403000    151.0000000
     -1.9338000      3.4855000      1.6479000    411.0000000
     -1.6891000      3.1025000      2.0812000    464.0000000
     -1.1010000      4.2560000      1.5816000    724.0000000
     -1.0218000      3.7260000      2.0233000    778.0000000
      3.1348000      4.5915000      1.7017000   1092.0000000
      3.1287000      3.8985000      2.1819000   1106.0000000
      3.9981000      3.5700000      1.6649000   1400.0000000
      4.2282000      3.3870000      2.1038000   1414.0000000
      4.3316000      5.3530000      1.5944000   1707.0000000
      4.5919000      5.1770000      2.0098000   1721.0000000
      5.2527000      6.3345000      1.5067000   2015.0000000
      5.3719000      6.0330000      1.9176000   2029.0000000
      5.5123000      5.6780000      2.4034000   2042.0000000
      6.1320000      8.0465000      1.7977000   2337.0000000
      6.4225000      7.7480000      2.2302000   2350.0000000
      7.7391000      8.9665000      1.6281000   2645.0000000
      7.5722000      8.7765000      2.0800000   2658.0000000
      8.6810000     10.3605000      1.5202000   2954.0000000
      8.6249000     10.4275000      1.9285000   2968.0000000
      8.5562000     10.5090000      2.3908000   2982.0000000
     11.8421000     11.3320000      1.8992000   3289.0000000
     11.9219000     11.6025000      2.3653000   3302.0000000
