     -2.3459000      2.3395000      2.7433000    165.0000000
     -2.2144000      1.3890000      3.4626000    178.0000000
     -1.3890000      2.6365000      2.6318000    478.0000000
     -1.0351000      2.0855000      3.3048000    492.0000000
     -0.9252000      3.0765000      2.5708000    792.0000000
     -0.8113000      2.3080000      3.2699000    806.0000000
      3.1218000      3.0805000      2.7970000   1120.0000000
      4.5004000      3.1700000      2.6373000   1428.0000000
      4.8355000      2.9045000      3.2299000   1442.0000000
      4.8991000      4.9690000      2.5118000   1735.0000000
      5.2772000      4.7140000      3.0646000   1749.0000000
      5.6852000      5.2395000      2.9846000   2056.0000000
      6.7797000      7.3805000      2.7310000   2364.0000000
      6.6848000      7.7085000      3.4332000   2377.0000000
      7.3669000      8.5405000      2.6067000   2672.0000000
      7.5570000      8.9320000      3.2265000   2686.0000000
      8.7009000     10.5715000      2.9725000   2995.0000000
     12.0208000     11.9395000      2.9249000   3316.0000000
