     -2.0521000      0.2190000      4.3281000    192.0000000
     -0.5993000      1.4060000      4.0543000    506.0000000
     -0.6702000      1.3635000      4.0716000    819.0000000
      3.1131000      2.0730000      3.5168000   1134.0000000
      3.8205000      2.6015000      4.2525000   1147.0000000
      4.5107000      3.7820000      4.0471000   1455.0000000
      5.3238000      5.1200000      3.8198000   1762.0000000
      5.8195000      5.7160000      3.6887000   2070.0000000
      6.5669000      8.1190000      4.2878000   2391.0000000
      7.7952000      9.4210000      3.9515000   2700.0000000
      8.8805000     10.6500000      3.6656000   3009.0000000
     12.1436000     12.3570000      3.6517000   3329.0000000
