      0.1830000      2.1565000      0.4798000    637.0000000
      2.4048000      1.5050000      0.4465000    951.0000000
      5.0610000      4.6285000      0.3782000   1264.0000000
      5.1133000      4.2520000      0.3799000   1571.0000000
      5.1104000      4.9305000      0.3754000   1878.0000000
      6.0268000      6.3920000      0.3509000   2186.0000000
      6.9225000      7.9510000      0.3278000   2494.0000000
      6.9238000      8.1895000      0.4715000   2530.0000000
      8.3258000      9.9595000      0.2964000   2803.0000000
      8.3261000     10.0140000      0.4274000   2840.0000000
     10.6907000     10.8745000      0.2532000   3111.0000000
     10.6925000     11.2355000      0.3640000   3147.0000000
     11.3363000     11.6830000      0.4725000   3166.0000000
