     -3.6710494      1.1878439     -0.9857052      0.2453009      7.5136134      1.1467287      0.0000000     17.2930965      0.6384032      9.7794831     -0.5083255
     -3.4780717      1.2828746     -0.3422957      0.2519135      7.2254846      1.0535747      0.5000000     18.9796714      2.1341327     11.7541868      1.0805580
     -3.2850943      1.3779052     -0.4444189      0.5415763      6.9373558      0.9604208      1.0000000     17.4440569      4.6466445     10.5067011      3.6862238
     -3.0921168      1.4729359     -1.1052611      0.9967545      6.6492270      0.8672668      1.5000000     13.3447526      6.7590771      6.6955256      5.8918103
     -2.8991392      1.5679666     -1.8354043      1.4092782      6.3610982      0.7741128      2.0000000      9.0356772      7.0513761      2.6745791      6.2772633
     -2.7061617      1.6629972     -2.2779922      1.6667982      6.0729694      0.6809589      2.5000000      6.2905282      5.5016612      0.2175589      4.8207024
     -2.5131841      1.7580279     -2.3898418      1.7969370      5.7848406      0.5878049      3.0000000      5.1801601      3.2936414     -0.6046804      2.7058365
     -2.3202066      1.8530586     -2.3001049      1.8762834      5.4967118      0.4946510      3.5000000      4.8813104      1.5145060     -0.6154014      1.0198550
     -2.1272290      1.9480891     -2.1306317      1.9527842      5.2085829      0.4014970      4.0000000      4.7527107      0.4786277     -0.4558722      0.0771307
     -1.9342515      2.0431199     -1.9399556      2.0387862      4.9204541      0.3083430      4.5000000      4.5923702      0.0125025     -0.3280839     -0.2958406
     -1.7412740      2.1381505     -1.7455577      2.1320450      4.6323253      0.2151891      5.0000000      4.4050510     -0.1297256     -0.2272744     -0.3449147
     -1.5482965      2.2331812     -1.5508593      2.2285221      4.3441965      0.1220351      5.5000000      4.2084442     -0.1333050     -0.1357524     -0.2553401
     -1.3553189      2.3282118     -1.3564948      2.3255389      4.0560677      0.0288812      6.0000000      3.9944792     -0.1175724     -0.0615885     -0.1464536
     -1.1623414      2.4232426     -1.1626474      2.4219761      3.7679389     -0.0642728      6.5000000      3.7537294     -0.1344989     -0.0142095     -0.0702261
     -0.9693639      2.5182731     -0.9692366      2.5177667      3.4798101     -0.1574267      7.0000000      3.4898798     -0.1857027      0.0100697     -0.0282760
     -0.7763863      2.6133039     -0.7760603      2.6131911      3.1916813     -0.2505807      7.5000000      3.2137400     -0.2559447      0.0220587     -0.0053640
     -0.5834088      2.7083344     -0.5829771      2.7084506      2.9035525     -0.3437347      8.0000000      2.9326881     -0.3349102      0.0291356      0.0088244
     -0.3904313      2.8033650     -0.3899610      2.8036027      2.6154237     -0.4368886      8.5000000      2.6473514     -0.4203067      0.0319276      0.0165820
