     12.6056023     12.7863512     12.6153488     12.7499638      8.0613238      6.7037930      0.0000000      5.1316676      4.8774626     -2.9296562     -1.8263303
     12.4350004     12.7160368     12.4346952     12.5463324      7.7306391      6.4250920      0.5000000      4.1190206      5.4173626     -3.6116185     -1.0077294
     12.2643986     12.6457224     12.2544899     12.2571478      7.3999544      6.1463910      1.0000000      4.1118312      7.6158207     -3.2881232      1.4694297
     12.0937967     12.5754080     12.1100483     11.9751205      7.0692697      5.8676901      1.5000000      4.9236967     10.4944265     -2.1455730      4.6267364
     11.9231949     12.5050936     12.0385113     11.8343143      6.7385851      5.5889891      2.0000000      5.7389467     12.1530302     -0.9996383      6.5640411
     11.7525930     12.4347792     12.0389223     11.8920488      6.4079004      5.3102882      2.5000000      6.0577336     11.6131438     -0.3501667      6.3028556
     11.5819912     12.3644648     12.0807695     12.0930328      6.0772157      5.0315872      3.0000000      6.2527746      9.7380176      0.1755589      4.7064304
     11.4113894     12.2941504     12.1422062     12.3448763      5.7465310      4.7528862      3.5000000      6.9165997      8.0676332      1.1700687      3.3147470
     11.2407875     12.2238359     12.1853170     12.5666037      5.4158463      4.4741853      4.0000000      7.9292911      7.2396052      2.5134448      2.7654199
     11.0701847     12.1535215     12.1132994     12.6752062      5.0851616      4.1954843      4.5000000      8.5138907      6.8144900      3.4287290      2.6190057
     10.8995829     12.0832071     11.8394699     12.6139469      4.7544770      3.9167834      5.0000000      8.1014368      6.1837746      3.3469599      2.2669913
     10.7289810     12.0128927     11.4000759     12.4132118      4.4237923      3.6380824      5.5000000      6.8746340      5.2336758      2.4508417      1.5955934
     10.5583792     11.9425783     10.9331598     12.1723833      4.0931076      3.3593814      6.0000000      5.4679867      4.2420337      1.3748791      0.8826523
     10.3877773     11.8722639     10.5507174     11.9736710      3.7624229      3.0806805      6.5000000      4.3588822      3.4615403      0.5964593      0.3808598
     10.2171755     11.8019495     10.2722588     11.8365221      3.4317382      2.8019795      7.0000000      3.6326677      2.9299952      0.2009295      0.1280157
     10.0465736     11.7316351     10.0610533     11.7407684      3.1010536      2.5232786      7.5000000      3.1537042      2.5567921      0.0526507      0.0335136
      9.8759718     11.6613207      9.8789330     11.6631937      2.7703689      2.2445776      8.0000000      2.7811078      2.2514111      0.0107390      0.0068335
      9.7053699     11.5910063      9.7058411     11.5913048      2.4396842      1.9658766      8.5000000      2.4413896      1.9669619      0.0017054      0.0010853
