     0.000     0.000     0.500     0.000
     0.004     0.689     0.711    41.000
    -0.705     1.554     0.962    65.000
    -1.556     2.591     1.310    80.000
    -2.548     3.803     1.703   136.000
    -2.457     3.144     2.140   151.000
    -2.346     2.340     2.743   165.000
    -2.214     1.389     3.463   178.000
    -2.052     0.219     4.328   192.000
    -1.247     0.969     5.257   206.000
    -0.242     1.908     6.237   219.000
     1.005     3.071     7.409   232.000
     2.573     4.535     8.629   246.000
    -1.835    -0.096     0.533   323.000
    -1.831     0.555     0.757   361.000
    -1.859     1.370     1.008   381.000
    -1.894     2.347     1.299   396.000
    -1.934     3.486     1.648   411.000
    -1.689     3.103     2.081   464.000
    -1.389     2.636     2.632   478.000
    -1.035     2.086     3.305   492.000
    -0.599     1.406     4.054   506.000
     0.089     1.700     4.954   519.000
     0.949     2.068     5.963   533.000
     2.015     2.523     7.182   546.000
     3.357     3.097     8.552   560.000
     0.183     2.156     0.480   637.000
     0.185     2.537     0.686   674.000
    -0.172     3.014     0.940   695.000
    -0.601     3.587     1.222   710.000
    -1.101     4.256     1.582   724.000
    -1.022     3.726     2.023   778.000
    -0.925     3.077     2.571   792.000
    -0.811     2.308     3.270   806.000
    -0.670     1.363     4.072   819.000
    -0.524     1.937     5.042   833.000
    -0.341     2.652     6.189   847.000
    -0.115     3.542     7.679   860.000
     0.170     4.658     9.458   874.000
     2.405     1.505     0.447   951.000
     2.409     2.171     0.635   989.000
     2.612     3.001     0.846  1009.000
     2.856     3.996     1.061  1025.000
     3.140     5.157     1.330  1039.000
     3.135     4.591     1.702  1092.000
     3.129     3.899     2.182  1106.000
     3.122     3.081     2.797  1120.000
     3.113     2.073     3.517  1134.000
     3.821     2.602     4.253  1147.000
     4.705     3.263     5.060  1161.000
     5.802     4.082     5.992  1174.000
     7.181     5.114     6.964  1188.000
     5.061     4.628     0.378  1264.000
     5.060     4.463     0.547  1300.000
     4.713     4.256     0.759  1319.000
     4.296     4.008     1.003  1334.000
     3.809     3.719     1.322  1348.000
     3.998     3.570     1.665  1400.000
     4.228     3.387     2.104  1414.000
     4.500     3.170     2.637  1428.000
     4.835     2.905     3.230  1442.000
     4.511     3.782     4.047  1455.000
     4.106     4.880     5.049  1469.000
     3.603     6.240     6.380  1482.000
     2.972     7.952     8.155  1496.000
     5.113     4.252     0.380  1571.000
     5.115     4.476     0.545  1607.000
     4.838     4.759     0.733  1626.000
     4.506     5.100     0.980  1641.000
     4.120     5.497     1.273  1655.000
     4.332     5.353     1.594  1707.000
     4.592     5.177     2.010  1721.000
     4.899     4.969     2.512  1735.000
     5.277     4.714     3.065  1749.000
     5.324     5.120     3.820  1762.000
     5.382     5.628     4.713  1776.000
     5.455     6.260     5.866  1789.000
     5.546     7.053     7.306  1803.000
     5.110     4.931     0.375  1878.000
     5.112     5.231     0.539  1914.000
     5.124     5.606     0.729  1933.000
     5.138     6.056     0.935  1949.000
     5.155     6.580     1.192  1963.000
     5.253     6.335     1.507  2015.000
     5.372     6.033     1.918  2029.000
     5.512     5.678     2.403  2042.000
     5.685     5.240     2.985  2056.000
     5.820     5.716     3.689  2070.000
     5.987     6.311     4.534  2083.000
     6.196     7.047     5.586  2097.000
     6.457     7.974     6.897  2110.000
     6.027     6.392     0.351  2186.000
     6.029     6.776     0.503  2222.000
     5.934     7.258     0.670  2241.000
     5.819     7.834     0.886  2256.000
     5.686     8.507     1.135  2270.000
     5.886     8.300     1.425  2322.000
     6.132     8.046     1.798  2337.000
     6.423     7.748     2.230  2350.000
     6.780     7.381     2.731  2364.000
     6.685     7.708     3.433  2377.000
     6.567     8.119     4.288  2391.000
     6.420     8.630     5.419  2405.000
     6.236     9.270     6.884  2419.000
     6.923     7.951     0.328  2494.000
     6.924     8.190     0.472  2530.000
     7.221     8.487     0.630  2549.000
     7.579     8.844     0.795  2564.000
     7.996     9.261     0.993  2579.000
     7.880     9.128     1.274  2630.000
     7.739     8.966     1.628  2645.000
     7.572     8.777     2.080  2658.000
     7.367     8.540     2.607  2672.000
     7.557     8.932     3.227  2686.000
     7.795     9.421     3.952  2700.000
     8.090    10.026     4.869  2714.000
     8.461    10.789     6.020  2728.000
     8.326     9.960     0.296  2803.000
     8.326    10.014     0.427  2840.000
     8.448    10.082     0.572  2859.000
     8.595    10.165     0.745  2874.000
     8.766    10.260     0.937  2888.000
     8.728    10.305     1.195  2940.000
     8.681    10.361     1.520  2954.000
     8.625    10.428     1.929  2968.000
     8.556    10.509     2.391  2982.000
     8.701    10.572     2.973  2995.000
     8.880    10.650     3.666  3009.000
     9.105    10.748     4.564  3022.000
     9.385    10.870     5.659  3036.000
    10.691    10.874     0.253  3111.000
    10.693    11.236     0.364  3147.000
    11.336    11.683     0.473  3166.000
    12.109    12.220     0.575  3181.000
    13.011    12.848     0.687  3195.000
    12.796    12.569     0.887  3247.000
    12.534    12.229     1.148  3261.000
    12.224    11.827     1.490  3275.000
    11.842    11.332     1.899  3289.000
    11.922    11.603     2.365  3302.000
    12.021    11.940     2.925  3316.000
    12.144    12.357     3.652  3329.000
    12.299    12.883     4.570  3343.000
  nobs=         143
  obs xmin/max=  -2.54780000000000        13.0110000000000     
  obs ymin/max= -9.550000000000000E-002   12.8830000000000     
  obs zmin/max=  0.253200000000000        9.45820000000000     
  obs tmin/max=  0.000000000000000E+000   3343.00000000000     
  dt=   111.000000000000        3343.01000000000     
  b=
 -0.3671049E+01  0.2511808E+02
  0.1271079E+02  0.2710832E+02
  0.1885013E+00  0.5853735E+01
  0.9212277E+01  0.4777530E+01
  var=   1.19864962252894     
  b=
  0.1187844E+01  0.3833525E+01
  0.1287375E+02  0.2250662E+02
  0.3088457E+01 -0.2394767E+01
  0.1139458E+02  0.3681204E+01
  var=  0.634462804047799     
  sig=   5.91042686998501       2.202557635526118E-005   268343.800618557     
  sig=   3.12847552326295       1.165846021428207E-005   268343.800618751     
 loop=           1         143  0.135975582800470     
  rms=  0.135975582800470        1.09482858134456       0.796531734488839     
