KTLX 2015  5  6 22 30 13     0.870     6.900  1000.000  35.21820 -97.55789   1.06301   28439.2     243.4  -49152.2   23690.0     869.0     297.8       0.0       0.0
KTLX 2015  5  6 22 30 54     1.310     4.900  1000.000  35.22458 -97.55789   1.50149   28131.6     244.7  -49147.8   24378.5    1079.6     294.6       0.0       0.0
KTLX 2015  5  6 22 31 18     1.800    -4.100  1000.000  35.23256 -97.56600   1.99424   28444.8     246.9  -49856.8   25243.5    1331.3     446.8       0.0       0.0
KTLX 2015  5  6 22 31 33     2.460    -5.400  1000.000  35.24213 -97.57574   2.65799   28882.8     249.6  -50708.2   26281.5    1679.4     504.1       0.0       0.0
KTLX 2015  5  6 22 32 29     3.170     8.200  1000.000  35.25330 -97.58710   3.37283   29470.6     252.6  -51700.0   27492.5    2071.9     514.4       0.0       0.0
KTLX 2015  5  6 22 32 44     4.000    -1.000  1000.000  35.24720 -97.58601   4.20476   29618.4     251.2  -51609.0   26834.5    2509.3     516.9       0.0       0.0
KTLX 2015  5  6 22 32 58     5.130    -4.100  1000.000  35.23975 -97.58469   5.33743   29835.0     249.7  -51498.1   26029.5    3112.3     520.7       0.0       0.0
KTLX 2015  5  6 22 33 11     6.450    -3.100  1000.000  35.23094 -97.58313   6.66073   30134.9     247.8  -51366.6   25079.0    3831.6     473.4       0.0       0.0
KTLX 2015  5  6 22 33 25     7.990   -18.200  1000.000  35.22010 -97.58120   8.20527   30564.1     245.6  -51204.3   23909.0    4697.1     533.4       0.0       0.0
KTLX 2015  5  6 22 33 39    10.060   -22.700  1000.000  35.22711 -97.57212  10.27076   29654.4     246.3  -50399.5   24659.0    5626.2     517.6       0.0       0.0
KTLX 2015  5  6 22 33 52    12.470   -22.300  1000.000  35.23587 -97.56078  12.67497   28542.2     247.3  -49394.1   25598.0    6606.1     498.2       0.0       0.0
KTLX 2015  5  6 22 34  5    15.630   -21.800  1000.000  35.24673 -97.54670  15.82857   27239.0     248.6  -48147.0   26761.5    7778.2     475.4       0.0       0.0
KTLX 2015  5  6 22 34 19    19.490   -25.300  1000.000  35.26040 -97.52900  19.67960   25666.6     250.6  -46579.4   28225.0    8998.2     448.0       0.0       0.0
KTLX 2015  5  6 22 35 36     0.870    -7.000  1000.000  35.21720 -97.57871   1.07476   30187.8     244.8  -50987.2   23594.5     901.6     263.4       0.0       0.0
KTLX 2015  5  6 22 36 14     1.310    -6.000  1000.000  35.22324 -97.57871   1.51347   29911.9     246.0  -50983.0   24245.5    1126.4     208.8       0.0       0.0
KTLX 2015  5  6 22 36 34     1.810    -2.800  1000.000  35.23078 -97.57909   2.01213   29618.0     247.5  -51011.2   25060.0    1377.4     568.6       0.0       0.0
KTLX 2015  5  6 22 36 49     2.400    -0.800  1000.000  35.23984 -97.57956   2.60069   29296.1     249.4  -51045.8   26037.0    1667.9     511.3       0.0       0.0
KTLX 2015  5  6 22 37  4     3.120     4.800  1000.000  35.25040 -97.58010   3.31934   28964.6     251.6  -51086.0   27175.5    2016.9     455.0       0.0       0.0
KTLX 2015  5  6 22 37 57     3.990    -3.200  1000.000  35.24687 -97.57729   4.18976   28880.3     250.7  -50841.3   26792.5    2450.2     453.7       0.0       0.0
KTLX 2015  5  6 22 38 11     5.100    -3.000  1000.000  35.24257 -97.57385   5.30043   28797.0     249.6  -50541.2   26326.5    3000.8     502.6       0.0       0.0
KTLX 2015  5  6 22 38 25     6.460    -5.500  1000.000  35.23747 -97.56979   6.66131   28730.0     248.2  -50187.3   25775.5    3673.8     501.4       0.0       0.0
KTLX 2015  5  6 22 38 39     7.980   -17.200  1000.000  35.23120 -97.56480   8.18270   28679.0     246.6  -49751.5   25096.0    4423.3     500.5       0.0       0.0
KTLX 2015  5  6 22 38 52    10.020   -23.500  1000.000  35.23397 -97.55701  10.22010   28060.9     246.6  -49063.5   25390.0    5322.9     489.8       0.0       0.0
KTLX 2015  5  6 22 39  6    12.460   -24.500  1000.000  35.23742 -97.54727  12.65676   27315.4     246.6  -48203.7   25758.0    6332.3     476.7       0.0       0.0
KTLX 2015  5  6 22 39 19    15.600   -30.500  1000.000  35.24171 -97.53519  15.79344   26454.4     246.6  -47137.1   26213.5    7550.9     461.7       0.0       0.0
KTLX 2015  5  6 22 39 33    19.490   -31.500  1000.000  35.24710 -97.52000  19.67838   25436.5     246.6  -45795.1   26786.5    8920.7     444.0       0.0       0.0
KTLX 2015  5  6 22 40 50     0.870    -1.200  1000.000  35.23820 -97.55597   1.05562   27348.4     247.4  -48969.2   25846.5     848.8     238.7       0.0       0.0
KTLX 2015  5  6 22 41 27     1.310     1.200  1000.000  35.24173 -97.55597   1.49525   27203.8     248.2  -48966.8   26226.5    1055.3     237.4       0.0       0.0
KTLX 2015  5  6 22 41 48     1.830     4.000  1000.000  35.24614 -97.56007   2.01706   27379.3     249.4  -49324.6   26704.5    1308.6     430.1       0.0       0.0
KTLX 2015  5  6 22 42  3     2.400     5.500  1000.000  35.25143 -97.56497   2.58933   27607.7     250.9  -49753.0   27277.5    1591.5     433.7       0.0       0.0
KTLX 2015  5  6 22 42 17     3.110     9.800  1000.000  35.25760 -97.57070   3.30218   27902.3     252.6  -50253.2   27946.0    1950.6     487.0       0.0       0.0
KTLX 2015  5  6 22 43 11     4.000     9.000  1000.000  35.25268 -97.56976   4.19401   28020.6     251.4  -50174.0   27416.0    2392.3     489.1       0.0       0.0
KTLX 2015  5  6 22 43 25     5.090    -3.200  1000.000  35.24666 -97.56862   5.28633   28189.7     250.1  -50077.4   26766.5    2939.8     492.0       0.0       0.0
KTLX 2015  5  6 22 43 39     6.460    -5.200  1000.000  35.23955 -97.56727   6.65958   28428.8     248.5  -49963.5   25998.0    3638.9     496.2       0.0       0.0
KTLX 2015  5  6 22 43 52     7.990   -18.000  1000.000  35.23080 -97.56560   8.19312   28765.2     246.6  -49822.4   25053.5    4440.6     502.0       0.0       0.0
KTLX 2015  5  6 22 44  6    10.020   -17.700  1000.000  35.23612 -97.56398  10.22359   28557.6     247.5  -49676.2   25627.0    5411.1     498.4       0.0       0.0
KTLX 2015  5  6 22 44 20    12.460   -18.500  1000.000  35.24277 -97.56196  12.66381   28346.5     248.8  -49493.6   26342.5    6558.3     494.7       0.0       0.0
KTLX 2015  5  6 22 44 33    15.650    -9.000  1000.000  35.25102 -97.55946  15.85478   28195.0     250.4  -49267.5   27231.5    8048.4     492.1       0.0       0.0
KTLX 2015  5  6 22 44 47    19.490   -10.500  1000.000  35.26140 -97.55630  19.69542   28127.1     252.6  -48982.3   28348.0    9827.2     490.9       0.0       0.0
KTLX 2015  5  6 22 46  4     0.870    -0.800  1000.000  35.23230 -97.53070   1.04336   25529.0     244.1  -46747.4   25195.0     815.5     222.8       0.0       0.0
KTLX 2015  5  6 22 46 42     1.310     2.200  1000.000  35.23846 -97.53070   1.48201   25239.2     245.5  -46743.4   25861.0    1004.3     220.3       0.0       0.0
KTLX 2015  5  6 22 47  2     1.830     4.500  1000.000  35.24617 -97.52845   1.99911   24711.9     247.1  -46540.2   26691.0    1215.1     388.2       0.0       0.0
KTLX 2015  5  6 22 47 18     2.390     0.000  1000.000  35.25541 -97.52575   2.55572   24107.2     249.1  -46296.4   27685.5    1429.8     420.8       0.0       0.0
KTLX 2015  5  6 22 47 32     3.120    12.200  1000.000  35.26620 -97.52260   3.28221   23445.7     251.6  -46012.0   28847.5    1699.1     368.3       0.0       0.0
KTLX 2015  5  6 22 48 25     3.990    -7.000  1000.000  35.26095 -97.52262   4.15472   23663.9     250.2  -46017.4   28281.5    2070.7     371.7       0.0       0.0
KTLX 2015  5  6 22 48 39     5.090    -2.200  1000.000  35.25453 -97.52264   5.25791   23957.1     248.6  -46023.5   27588.5    2550.9     376.3       0.0       0.0
KTLX 2015  5  6 22 48 53     6.460    -6.000  1000.000  35.24694 -97.52267   6.63189   24343.3     246.8  -46030.4   26770.5    3166.0     382.4       0.0       0.0
KTLX 2015  5  6 22 49  7     7.990   -15.500  1000.000  35.23760 -97.52270   8.16707   24865.9     244.5  -46039.1   25763.0    3885.8     434.0       0.0       0.0
KTLX 2015  5  6 22 49 20    10.020   -17.200  1000.000  35.24254 -97.51470  10.19390   24102.7     245.0  -45331.7   26291.5    4621.5     420.7       0.0       0.0
KTLX 2015  5  6 22 49 34    12.470   -23.000  1000.000  35.24871 -97.50470  12.63974   23170.9     245.6  -44447.0   26952.5    5429.2     404.4       0.0       0.0
KTLX 2015  5  6 22 49 47    15.610   -23.300  1000.000  35.25637 -97.49230  15.77498   22064.9     246.4  -43350.6   27771.5    6360.9     385.1       0.0       0.0
KTLX 2015  5  6 22 50  1    19.490   -25.300  1000.000  35.26600 -97.47670  19.64857   20716.9     247.6  -41971.1   28803.5    7332.6     361.6       0.0       0.0
KTLX 2015  5  6 22 51 17     0.870    -0.500  1000.000  35.26140 -97.50075   1.01774   21729.9     248.6  -44091.2   28318.5     747.2     189.6       0.0       0.0
KTLX 2015  5  6 22 51 53     1.310     2.000  1000.000  35.25985 -97.50075   1.45879   21797.3     248.1  -44092.1   28152.5     916.0     228.3       0.0       0.0
KTLX 2015  5  6 22 52 12     1.830    -5.300  1000.000  35.25792 -97.50468   1.98226   22214.8     248.0  -44439.3   27945.5    1128.4     387.7       0.0       0.0
KTLX 2015  5  6 22 52 27     2.400    -5.800  1000.000  35.25560 -97.50939   2.55641   22718.0     247.8  -44855.9   27698.0    1372.0     396.5       0.0       0.0
KTLX 2015  5  6 22 52 41     3.120    -1.500  1000.000  35.25290 -97.51490   3.28129   23310.7     247.6  -45342.7   27409.0    1691.4     406.8       0.0       0.0
KTLX 2015  5  6 22 53 33     3.980    -6.200  1000.000  35.25152 -97.51275   4.14162   23212.5     247.0  -45154.1   27260.0    2033.9     405.1       0.0       0.0
KTLX 2015  5  6 22 53 47     5.090   -11.300  1000.000  35.24984 -97.51012   5.25221   23104.6     246.4  -44924.0   27077.0    2472.8     403.3       0.0       0.0
KTLX 2015  5  6 22 54  1     6.450   -11.300  1000.000  35.24785 -97.50702   6.61285   22993.9     245.6  -44651.8   26860.0    3006.3     401.3       0.0       0.0
KTLX 2015  5  6 22 54 15     7.980   -15.200  1000.000  35.24540 -97.50320   8.14392   22872.4     244.6  -44316.7   26594.5    3598.9     399.2       0.0       0.0
KTLX 2015  5  6 22 54 28    10.020   -15.200  1000.000  35.25352 -97.50694  10.18634   22941.3     247.0  -44641.5   27472.0    4416.1     400.4       0.0       0.0
KTLX 2015  5  6 22 54 42    12.470    -7.000  1000.000  35.26368 -97.51161  12.63915   23118.9     250.1  -45046.3   28570.0    5417.8     403.5       0.0       0.0
KTLX 2015  5  6 22 54 55    15.600    -1.800  1000.000  35.27626 -97.51741  15.77438   23508.0     253.9  -45548.9   29930.0    6749.4     410.3       0.0       0.0
KTLX 2015  5  6 22 55  9    19.490    -5.000  1000.000  35.29210 -97.52470  19.67108   24257.3     258.6  -46180.1   31641.5    8523.7     465.7       0.0       0.0
KTLX 2015  5  6 22 56 24     0.870    -6.800  1000.000  35.25790 -97.50013   1.01837   21824.0     247.6  -44038.9   27942.0     748.9     190.5       0.0       0.0
KTLX 2015  5  6 22 57  0     1.310   -11.000  1000.000  35.25999 -97.50013   1.45839   21739.5     248.1  -44037.6   28166.0     914.5     189.7       0.0       0.0
KTLX 2015  5  6 22 57 19     1.790    -4.300  1000.000  35.26260 -97.50329   1.94012   21905.3     249.1  -44314.1   28449.0    1102.4     382.3       0.0       0.0
KTLX 2015  5  6 22 57 34     2.410    -4.000  1000.000  35.26574 -97.50708   2.56232   22115.7     250.3  -44646.0   28790.0    1349.0     347.4       0.0       0.0
KTLX 2015  5  6 22 57 48     3.130    -3.200  1000.000  35.26940 -97.51150   3.28496   22375.3     251.6  -45032.7   29187.0    1641.8     351.5       0.0       0.0
KTLX 2015  5  6 22 58 40     3.980     1.500  1000.000  35.26808 -97.50908   4.13507   22236.0     251.1  -44820.6   29043.0    1963.4     349.3       0.0       0.0
KTLX 2015  5  6 22 58 54     5.090    -3.000  1000.000  35.26646 -97.50611   5.24530   22076.2     250.4  -44560.3   28867.0    2378.8     385.3       0.0       0.0
KTLX 2015  5  6 22 59  8     6.450    -3.800  1000.000  35.26455 -97.50261   6.60593   21903.8     249.6  -44253.1   28659.0    2880.8     344.1       0.0       0.0
KTLX 2015  5  6 22 59 22     7.980    -5.500  1000.000  35.26220 -97.49830   8.13581   21705.4     248.6  -43875.0   28404.0    3433.6     378.8       0.0       0.0
KTLX 2015  5  6 22 59 35    10.030    -3.700  1000.000  35.26597 -97.49780  10.18750   21634.7     249.6  -43828.4   28810.0    4188.8     377.6       0.0       0.0
KTLX 2015  5  6 22 59 49    12.470    -2.300  1000.000  35.27069 -97.49716  12.62917   21583.0     250.9  -43769.8   29318.5    5081.8     376.7       0.0       0.0
KTLX 2015  5  6 23  0  2    15.610    -2.000  1000.000  35.27654 -97.49638  15.77200   21601.0     252.5  -43697.7   29949.5    6234.8     377.0       0.0       0.0
KTLX 2015  5  6 23  0 16    19.490    -3.500  1000.000  35.28390 -97.49540  19.65465   21734.9     254.6  -43606.6   30742.5    7675.0     379.3       0.0       0.0
KTLX 2015  5  6 23  1 31     0.870    -4.300  1000.000  35.26420 -97.50021   1.01665   21571.4     249.3  -44041.8   28620.5     744.4     188.2       0.0       0.0
KTLX 2015  5  6 23  2  7     1.310    -3.000  1000.000  35.26698 -97.50021   1.45656   21466.8     250.1  -44040.1   28920.5     907.6     187.3       0.0       0.0
KTLX 2015  5  6 23  2 26     1.830     2.500  1000.000  35.27046 -97.50010   1.97635   21333.9     251.0  -44028.5   29296.0    1098.0     372.3       0.0       0.0
KTLX 2015  5  6 23  2 42     2.400     0.500  1000.000  35.27463 -97.49996   2.54603   21182.9     252.2  -44013.9   29745.5    1303.6     332.7       0.0       0.0
KTLX 2015  5  6 23  2 56     3.120     1.500  1000.000  35.27950 -97.49980   3.26585   21021.9     253.6  -43996.8   30270.5    1560.7     366.9       0.0       0.0
KTLX 2015  5  6 23  3 48     3.980    -3.000  1000.000  35.27722 -97.49868   4.12692   21018.5     252.9  -43899.5   30024.5    1875.7     366.8       0.0       0.0
KTLX 2015  5  6 23  4  2     5.100    -8.000  1000.000  35.27444 -97.49731   5.24830   21027.7     251.9  -43780.3   29723.0    2286.6     330.3       0.0       0.0
KTLX 2015  5  6 23  4 15     6.420    -9.800  1000.000  35.27115 -97.49569   6.57017   21056.1     250.9  -43639.9   29368.0    2772.4     367.5       0.0       0.0
KTLX 2015  5  6 23  4 29     7.990   -12.800  1000.000  35.26710 -97.49370   8.14218   21114.0     249.5  -43467.0   28929.5    3353.6     368.5       0.0       0.0
KTLX 2015  5  6 23  4 43    10.010   -13.000  1000.000  35.27152 -97.49220  10.16305   20934.0     250.7  -43332.7   29406.0    4057.7     365.4       0.0       0.0
KTLX 2015  5  6 23  4 56    12.480   -12.500  1000.000  35.27704 -97.49033  12.63387   20750.4     252.2  -43164.8   30000.5    4903.4     362.2       0.0       0.0
KTLX 2015  5  6 23  5 10    15.590    -4.000  1000.000  35.28389 -97.48801  15.74521   20596.8     254.1  -42956.6   30737.0    5955.0     359.5       0.0       0.0
KTLX 2015  5  6 23  5 23    19.490    -8.300  1000.000  35.29250 -97.48510  19.64735   20518.1     256.6  -42694.9   31664.5    7265.8     358.1       0.0       0.0
KTLX 2015  5  6 23  6 39     0.870    -5.800  1000.000  35.27780 -97.48989   1.00731   20186.9     252.4  -43125.4   30082.0     719.9     176.2       0.0       0.0
KTLX 2015  5  6 23  7 15     1.310    -1.800  1000.000  35.28136 -97.48989   1.44716   20072.8     253.4  -43123.3   30466.0     872.2     175.2       0.0       0.0
KTLX 2015  5  6 23  7 34     1.790    -3.500  1000.000  35.28582 -97.49100   1.92756   20038.7     254.9  -43218.6   30947.5    1039.4     349.7       0.0       0.0
KTLX 2015  5  6 23  7 49     2.410    -4.500  1000.000  35.29116 -97.49234   2.54821   20016.9     256.6  -43332.9   31524.0    1255.4     349.4       0.0       0.0
KTLX 2015  5  6 23  8  3     3.120    -4.300  1000.000  35.29740 -97.49390   3.25908   20017.3     258.6  -43466.2   32197.0    1503.5     314.4       0.0       0.0
KTLX 2015  5  6 23  8 55     3.980    -2.500  1000.000  35.29549 -97.49161   4.11922   19876.6     257.9  -43265.9   31990.0    1793.6     346.9       0.0       0.0
KTLX 2015  5  6 23  9 10     5.100    -1.800  1000.000  35.29316 -97.48880   5.23944   19715.9     257.0  -43020.2   31736.5    2166.7     344.1       0.0       0.0
KTLX 2015  5  6 23  9 23     6.420    -2.300  1000.000  35.29040 -97.48548   6.55979   19541.1     255.9  -42729.7   31438.0    2599.2     307.0       0.0       0.0
KTLX 2015  5  6 23  9 37     7.980    -5.000  1000.000  35.28700 -97.48140   8.12018   19346.0     254.6  -42372.5   31070.5    3100.0     337.7       0.0       0.0
KTLX 2015  5  6 23  9 50    10.020    -3.000  1000.000  35.29004 -97.48250  10.16305   19466.0     255.6  -42467.4   31398.5    3802.2     339.7       0.0       0.0
KTLX 2015  5  6 23 10  4    12.460    -3.800  1000.000  35.29385 -97.48386  12.60627   19653.6     256.9  -42585.3   31809.0    4656.8     343.0       0.0       0.0
KTLX 2015  5  6 23 10 18    15.600     1.800  1000.000  35.29856 -97.48557  15.75117   19968.0     258.6  -42732.3   32319.5    5787.8     348.5       0.0       0.0
KTLX 2015  5  6 23 10 32    19.490    -2.200  1000.000  35.30450 -97.48770  19.64674   20480.5     260.6  -42916.7   32960.0    7253.1     357.5       0.0       0.0
KTLX 2015  5  6 23 11 47     0.870     0.200  1000.000  35.29230 -97.47981   0.99843   18865.5     256.2  -42229.7   31641.0     696.8     164.6       0.0       0.0
KTLX 2015  5  6 23 12 23     1.310    -6.800  1000.000  35.29452 -97.47981   1.43862   18810.7     256.9  -42228.4   31879.5     840.5     164.2       0.0       0.0
KTLX 2015  5  6 23 12 42     1.830    -6.300  1000.000  35.29729 -97.47645   1.95692   18449.2     257.6  -41930.7   32177.0     999.0     322.0       0.0       0.0
KTLX 2015  5  6 23 12 57     2.400    -6.500  1000.000  35.30062 -97.47241   2.52475   18020.6     258.5  -41573.6   32534.0    1163.7     314.5       0.0       0.0
KTLX 2015  5  6 23 13 12     3.120    -6.000  1000.000  35.30450 -97.46770   3.24232   17528.5     259.6  -41156.4   32950.5    1362.4     305.9       0.0       0.0
KTLX 2015  5  6 23 14  3     4.000    -5.500  1000.000  35.30327 -97.46900   4.12450   17687.9     259.3  -41271.9   32818.0    1642.9     308.7       0.0       0.0
KTLX 2015  5  6 23 14 18     5.090    -5.500  1000.000  35.30177 -97.47060   5.21717   17890.4     258.8  -41413.1   32656.5    1997.1     281.0       0.0       0.0
KTLX 2015  5  6 23 14 31     6.450    -1.000  1000.000  35.29999 -97.47248   6.58055   18142.9     258.3  -41580.0   32466.5    2449.0     285.0       0.0       0.0
KTLX 2015  5  6 23 14 45     7.980    -4.700  1000.000  35.29780 -97.47480   8.11440   18465.1     257.7  -41785.3   32230.5    2975.7     322.3       0.0       0.0
KTLX 2015  5  6 23 14 59    10.020    -6.000  1000.000  35.30143 -97.47266  10.15548   18294.1     258.8  -41595.2   32622.0    3595.5     319.3       0.0       0.0
KTLX 2015  5  6 23 15 13    12.460    -6.000  1000.000  35.30598 -97.46999  12.59629   18111.8     260.3  -41357.0   33111.0    4320.5     316.1       0.0       0.0
KTLX 2015  5  6 23 15 27    15.590    -6.300  1000.000  35.31161 -97.46667  15.72795   17954.2     262.1  -41062.4   33716.0    5238.3     313.4       0.0       0.0
KTLX 2015  5  6 23 15 41    19.550    -0.800  1000.000  35.31870 -97.46250  19.69055   17857.8     264.6  -40691.2   34479.0    6389.3     311.7       0.0       0.0
KTLX 2015  5  6 23 16 56     0.870    -7.000  1000.000  35.31100 -97.46399   0.98622   17052.9     261.8  -40826.4   33649.5     665.4     178.6       0.0       0.0
KTLX 2015  5  6 23 17 33     1.310    -5.000  1000.000  35.31151 -97.46399   1.42676   17047.6     262.0  -40826.1   33704.0     796.4     148.8       0.0       0.0
KTLX 2015  5  6 23 17 52     1.810    -5.500  1000.000  35.31215 -97.46261   1.92653   16917.9     262.2  -40704.3   33772.5     940.9     295.3       0.0       0.0
KTLX 2015  5  6 23 18  7     2.420    -6.800  1000.000  35.31291 -97.46094   2.53628   16763.0     262.4  -40556.8   33854.5    1114.3     321.8       0.0       0.0
KTLX 2015  5  6 23 18 21     3.110    -8.800  1000.000  35.31380 -97.45900   3.22597   16585.5     262.6  -40385.8   33949.5    1306.2     260.5       0.0       0.0
KTLX 2015  5  6 23 19 13     3.990    -8.500  1000.000  35.31422 -97.45944   4.10744   16635.7     262.8  -40424.5   33995.0    1564.4     261.3       0.0       0.0
KTLX 2015  5  6 23 19 27     5.090    -9.500  1000.000  35.31474 -97.45998   5.20923   16702.9     263.0  -40471.2   34050.5    1889.2     291.5       0.0       0.0
KTLX 2015  5  6 23 19 41     6.460   -11.000  1000.000  35.31535 -97.46062   6.58171   16794.1     263.3  -40527.3   34117.5    2297.5     263.8       0.0       0.0
KTLX 2015  5  6 23 19 55     7.990   -14.000  1000.000  35.31610 -97.46140   8.11382   16913.9     263.6  -40596.0   34199.0    2759.8     295.2       0.0       0.0
KTLX 2015  5  6 23 20  8    10.020   -16.200  1000.000  35.31669 -97.45976  10.14559   16852.9     263.8  -40451.3   34261.5    3341.5     294.1       0.0       0.0
KTLX 2015  5  6 23 20 22    12.460   -15.500  1000.000  35.31743 -97.45773  12.58807   16800.6     264.0  -40271.7   34340.0    4034.6     293.2       0.0       0.0
KTLX 2015  5  6 23 20 35    15.630   -12.000  1000.000  35.31835 -97.45518  15.76069   16788.0     264.3  -40047.6   34438.0    4933.5     293.0       0.0       0.0
KTLX 2015  5  6 23 20 49    19.490   -11.500  1000.000  35.31950 -97.45200  19.62363   16834.8     264.6  -39767.1   34560.5    6028.0     293.8       0.0       0.0
KTLX 2015  5  6 23 22  4     0.870    -9.800  1000.000  35.31960 -97.43716   0.96909   14518.3     264.2  -38461.5   34564.5     622.2     152.0       0.0       0.0
KTLX 2015  5  6 23 22 40     1.310    -8.800  1000.000  35.32294 -97.43716   1.40950   14486.8     265.6  -38459.7   34925.5     733.0     126.4       0.0       0.0
KTLX 2015  5  6 23 22 59     1.830    -9.800  1000.000  35.32713 -97.42987   1.92556   13800.5     267.3  -37815.9   35373.0     841.5     240.9       0.0       0.0
KTLX 2015  5  6 23 23 14     2.400    -4.000  1000.000  35.33215 -97.42111   2.49086   12994.9     269.6  -37042.8   35910.5     943.8     226.8       0.0       0.0
KTLX 2015  5  6 23 23 28     3.120    -3.200  1000.000  35.33800 -97.41090   3.20571   12086.8     272.7  -36141.2   36538.5    1056.3     211.0       0.0       0.0
KTLX 2015  5  6 23 24 20     3.990    -5.800  1000.000  35.33541 -97.41332   4.07832   12309.5     271.3  -36355.9   36259.5    1255.6     193.4       0.0       0.0
KTLX 2015  5  6 23 24 34     5.090    -6.000  1000.000  35.33224 -97.41629   5.18161   12596.6     269.7  -36618.6   35919.0    1517.4     197.9       0.0       0.0
KTLX 2015  5  6 23 24 48     6.460   -11.800  1000.000  35.32850 -97.41979   6.55576   12957.2     267.8  -36928.6   35517.0    1858.6     203.5       0.0       0.0
KTLX 2015  5  6 23 25  2     7.990   -19.000  1000.000  35.32390 -97.42410   8.09067   13426.4     265.7  -37310.1   35022.0    2268.2     234.3       0.0       0.0
KTLX 2015  5  6 23 25 15    10.020   -20.500  1000.000  35.32640 -97.42321  10.12289   13402.1     266.9  -37230.3   35292.5    2734.3     233.9       0.0       0.0
KTLX 2015  5  6 23 25 29    12.460   -14.800  1000.000  35.32954 -97.42210  12.56517   13399.0     268.4  -37131.4   35629.5    3293.9     233.9       0.0       0.0
KTLX 2015  5  6 23 25 42    15.600   -16.500  1000.000  35.33342 -97.42073  15.70890   13450.0     270.2  -37008.6   36047.0    4020.7     234.7       0.0       0.0
KTLX 2015  5  6 23 25 56    19.490   -11.000  1000.000  35.33830 -97.41900  19.60295   13591.4     272.7  -36853.7   36573.0    4939.3     237.2       0.0       0.0
