  2013     5    19    22    49    27    0.2300   -0.0455   15.5033    1.2497    0.0000    0.0000    0.1728    0.0000   -2.0558    0.2156   15.8728    1.6823
  2013     5    19    22    49    59    0.0388    0.0392    0.4132    4.5947   -0.0508    0.1960    0.2850   32.0000   -1.5755    0.0868   15.9649    1.8095
  2013     5    19    22    50    31    0.0918   -0.0455   -6.6328    9.4262   -0.2771    0.3920    0.4136   64.0000   -0.9222   -0.0362   16.0696    1.9387
  2013     5    19    22    50    47    0.0943   -0.0422   -5.1544   10.5997   -0.5609    0.6385    0.5604   80.0000   -0.4727   -0.2363   16.2326    2.0059
  2013     5    19    22    51     1    0.0179    0.0142   -0.7017    9.5140   -0.9010    0.9335    0.7350   94.0000   -0.0105   -0.4850   16.4330    2.0668
  2013     5    19    22    51    15   -0.1754    0.1551    5.9512    6.2194   -1.2979    1.2780    0.9505  108.0000    0.4908   -0.7781   16.6815    2.1301
  2013     5    19    22    51    29   -0.0452    0.0215   12.8999    1.8936   -1.2543    1.2535    1.2059  122.0000    0.5367   -0.6971   16.9742    2.1961
  2013     5    19    22    51    42    0.0029   -0.0029   17.7241   -1.0732   -1.2007    1.2250    1.5290  135.0000    0.5272   -0.6063   17.3493    2.2621
  2013     5    19    22    51    56   -0.0310    0.0322   19.8689   -1.4981   -1.1383    1.1895    1.9144  149.0000    0.5041   -0.4987   17.7877    2.3369
  2013     5    19    22    52     9   -0.0553    0.0373   20.3426    0.1589   -1.0606    1.1475    2.3861  162.0000    0.4164   -0.3768   18.3254    2.4135
  2013     5    19    22    52    22   -0.0072    0.0175   20.7888    1.5779   -0.8812    1.1370    2.9831  175.0000    0.1797   -0.2719   19.0020    2.4988
  2013     5    19    22    52    36    0.0479   -0.0164   21.1845    1.8975   -0.6575    1.1235    3.6921  189.0000   -0.1166   -0.1482   19.7861    2.5981
  2013     5    19    22    52    49    0.0736    0.0029   22.7451    1.9637   -0.3800    1.1085    4.5740  202.0000   -0.5439   -0.0053   20.7591    2.7064
  2013     5    19    22    53     4    0.1382   -0.0397   21.9940    2.8030   -0.0299    1.0890    5.7174  217.0000   -1.0898    0.1777   21.9890    2.8453
  2013     5    19    22    53    42    0.0469   -0.0562    3.0789   -1.3685    1.5869    0.2940    0.1584  255.0000    0.3368    0.4771   15.2772    2.6861
  2013     5    19    22    54    14   -0.0586   -0.0384    6.4089   -0.0340    1.5473    0.2985    0.2641  287.0000    0.8257    0.5724   15.3201    2.8197
  2013     5    19    22    54    46   -0.1331   -0.0356   18.7636    0.3059    1.8329    0.3000    0.3783  319.0000    0.9916    0.6762   15.3617    2.9558
  2013     5    19    22    55     2   -0.1027   -0.0315   24.0738    0.8493    2.1905    0.3025    0.5040  335.0000    0.8401    0.7360   15.4481    3.0303
  2013     5    19    22    55    16   -0.0122   -0.0391   26.0159    1.9626    2.6193    0.3055    0.6474  349.0000    0.5845    0.7925   15.5519    3.0992
  2013     5    19    22    55    30    0.1574   -0.0735   25.0844    3.6639    3.1201    0.3090    0.8165  363.0000    0.2530    0.8527   15.6747    3.1715
  2013     5    19    22    55    44   -0.0316   -0.0469   22.1175    5.5174    3.1931    0.4150    1.0279  377.0000    0.3418    0.8166   15.8307    3.2490
  2013     5    19    22    55    57   -0.0800   -0.0355   19.0632    6.6767    3.2830    0.5465    1.2880  390.0000    0.3901    0.7590   16.0272    3.3285
  2013     5    19    22    56    11   -0.0610   -0.0403   17.7681    6.9362    3.3885    0.7005    1.5964  404.0000    0.4327    0.6896   16.2532    3.4189
  2013     5    19    22    56    24   -0.0108   -0.0041   18.2917    6.0432    3.5190    0.8900    1.9624  417.0000    0.4274    0.5899   16.5225    3.5131
  2013     5    19    22    56    37   -0.0079   -0.0481   18.9214    4.6946    3.6726    0.9790    2.4404  430.0000    0.3816    0.6064   16.8754    3.6217
  2013     5    19    22    56    51   -0.0332   -0.0474   18.6480    4.1819    3.8646    1.0910    2.9969  444.0000    0.3080    0.6157   17.2701    3.7468
  2013     5    19    22    57     5   -0.0198   -0.0266   18.7500    4.2320    4.1024    1.2295    3.6937  458.0000    0.1727    0.6189   17.7581    3.8919
  2013     5    19    22    57    18    0.0095   -0.0644   19.1274    4.8077    4.4015    1.4040    4.5678  471.0000   -0.0608    0.6083   18.3693    4.0578
  2013     5    19    22    57    57    0.1380   -0.0049    6.7330    3.4696    6.5253    1.6540    0.1165  510.0000   -0.7725   -0.0755   14.6719    3.6845
  2013     5    19    22    58    29   -0.0289    0.0255    1.9645    5.2457    6.4527    1.8230    0.1929  542.0000   -0.2418   -0.1141   14.6558    3.8206
  2013     5    19    22    59     1   -0.0201   -0.0691    5.3627    9.6499    6.5387    1.9900    0.2757  574.0000    0.1307   -0.1450   14.6366    3.9587
  2013     5    19    22    59    16    0.0086   -0.0509    8.3645   11.1364    6.6463    2.1985    0.3655  589.0000    0.2331   -0.2807   14.6572    4.0314
  2013     5    19    22    59    30    0.0275   -0.0015   11.1201   11.5271    6.7755    2.4495    0.4659  603.0000    0.2994   -0.4601   14.6830    4.1024
  2013     5    19    22    59    44    0.0351    0.0813   13.5698   10.9084    6.9258    2.7415    0.5813  617.0000    0.3445   -0.6771   14.7134    4.1764
  2013     5    19    22    59    59   -0.0206    0.0017   15.8138    9.4038    7.0513    2.8805    0.7258  632.0000    0.4282   -0.7311   14.7526    4.2598
  2013     5    19    23     0    12   -0.0333   -0.0188   17.2625    7.8492    7.2037    3.0500    0.9035  645.0000    0.4550   -0.8176   14.8101    4.3415
  2013     5    19    23     0    25   -0.0270    0.0123   18.2092    6.1408    7.3845    3.2490    1.0995  658.0000    0.4541   -0.9294   14.8705    4.4272
  2013     5    19    23     0    39    0.0068    0.1104   18.4478    4.2203    7.6064    3.4945    1.3313  672.0000    0.4272   -1.0759   14.9376    4.5245
  2013     5    19    23     0    52   -0.0479    0.0513   17.3175    2.9360    7.6866    3.5490    1.6544  685.0000    0.5250   -1.0195   15.0441    4.6347
  2013     5    19    23     1     5   -0.0480    0.0508   15.7839    2.4698    7.7863    3.6165    2.0452  698.0000    0.6038   -0.9630   15.1699    4.7588
  2013     5    19    23     1    20   -0.0329    0.0702   15.2579    2.9980    7.9102    3.7005    2.5432  713.0000    0.6891   -0.8930   15.3173    4.9135
  2013     5    19    23     1    35   -0.0819    0.0918   16.5386    3.5754    8.0657    3.8055    3.1674  728.0000    0.7444   -0.8192   15.4961    5.0948
  2013     5    19    23     2    14    0.0721   -0.0173    0.3314    0.0333    9.5236    2.6040    0.0973  767.0000   -0.0721    0.0477   14.1028    4.6899
  2013     5    19    23     2    46   -0.0408    0.0334    5.4354    3.8761    9.4528    2.7305    0.1611  799.0000    0.4487    0.0848   14.0541    4.8281
  2013     5    19    23     3    18   -0.1393   -0.0593   19.8111    8.1036    9.7609    2.8550    0.2317  831.0000    0.5897    0.1301   14.0012    4.9687
  2013     5    19    23     3    33   -0.0974   -0.0471   24.3429    8.5255   10.1457    3.0120    0.3049  846.0000    0.4154    0.0620   13.9841    5.0435
  2013     5    19    23     3    47    0.0023    0.0107   25.6043    7.3690   10.6073    3.1995    0.3907  860.0000    0.1506   -0.0378   13.9691    5.1175
  2013     5    19    23     4     2    0.1597    0.1272   24.3028    4.6613   11.1461    3.4180    0.4879  875.0000   -0.1773   -0.1600   13.9502    5.1986
  2013     5    19    23     4    16    0.0109    0.0293   21.8528    1.2844   11.3146    3.3605    0.6248  889.0000   -0.1480   -0.0019   13.9372    5.2851
  2013     5    19    23     4    29   -0.0327   -0.0207   19.9775   -1.4615   11.5199    3.2885    0.7996  902.0000   -0.1685    0.1746   13.9278    5.3771
  2013     5    19    23     4    43   -0.0293   -0.0411   19.4371   -2.5209   11.7629    3.2055    1.0166  916.0000   -0.2115    0.3780   13.9143    5.4839
  2013     5    19    23     4    56    0.0474   -0.1006   19.8104   -1.0279   12.0615    3.1025    1.2906  929.0000   -0.3224    0.6100   13.9026    5.6012
  2013     5    19    23     5    10    0.0270   -0.0242   19.8972    2.1813   12.3145    3.2215    1.6038  943.0000   -0.3724    0.6363   13.8800    5.7338
  2013     5    19    23     5    23    0.0453   -0.0225   18.9311    4.9045   12.6307    3.3715    1.9803  956.0000   -0.4976    0.6423   13.8546    5.8792
  2013     5    19    23     5    37    0.0430   -0.0546   17.4378    6.0315   13.0229    3.5555    2.4707  970.0000   -0.6816    0.6484   13.8162    6.0590
  2013     5    19    23     5    52    0.0974   -0.0739   14.9648    6.8453   13.5161    3.7880    3.0914  985.0000   -0.9490    0.6453   13.7561    6.2788
  2013     5    19    23     6    31    0.1464   -0.0687    8.5503    1.6212   14.2804    2.9995    0.0973 1024.0000   -1.2757    0.9870   13.5481    5.6977
  2013     5    19    23     7     3   -0.0675    0.0286    2.5048    8.6289   14.2167    3.2645    0.1601 1056.0000   -0.7777    0.9214   13.4749    5.8397
  2013     5    19    23     7    35   -0.0456   -0.1377    7.0625   16.6138   14.3732    3.5290    0.2257 1088.0000   -0.5024    0.8622   13.3955    5.9834
  2013     5    19    23     7    51   -0.0038   -0.1243   11.1985   19.0179   14.5690    3.8610    0.2981 1104.0000   -0.4823    0.6448   13.3479    6.0666
  2013     5    19    23     8     5    0.0399   -0.0346   14.3648   19.4124   14.8032    4.2590    0.3785 1118.0000   -0.5280    0.3528   13.3008    6.1445
  2013     5    19    23     8    19    0.0834    0.1210   16.5023   18.1932   15.0771    4.7225    0.4714 1132.0000   -0.6141   -0.0001   13.2481    6.2265
  2013     5    19    23     8    33   -0.0067    0.0037   17.4757   15.7950   15.2408    4.8965    0.5942 1146.0000   -0.5903   -0.0539   13.1855    6.3177
  2013     5    19    23     8    46   -0.0419   -0.0300   17.3657   13.2262   15.4415    5.1080    0.7464 1159.0000   -0.6175   -0.1421   13.1144    6.4141
  2013     5    19    23     9     0   -0.0325   -0.0065   16.2804   11.0830   15.6779    5.3595    0.9292 1173.0000   -0.6684   -0.2535   13.0266    6.5246
  2013     5    19    23     9    15    0.0747    0.0751   14.2328   10.1087   15.9689    5.6690    1.1528 1188.0000   -0.7625   -0.4026   12.9168    6.6525
  2013     5    19    23     9    28   -0.0139    0.0634   11.9422   10.3972   15.9526    5.8900    1.4156 1201.0000   -0.5773   -0.4629   12.7940    6.7853
  2013     5    19    23     9    41   -0.0325    0.0579   10.0313   10.9036   15.9325    6.1665    1.7064 1214.0000   -0.3909   -0.5679   12.6525    6.9283
  2013     5    19    23     9    56   -0.0099    0.0288    9.2511   10.2990   15.9072    6.5100    2.0774 1229.0000   -0.1777   -0.6996   12.4637    7.1063
  2013     5    19    23    10     9    0.0014    0.1379   10.1336    8.1755   15.8754    6.9425    2.5095 1242.0000    0.0122   -0.9124   12.2486    7.2970
  2013     5    19    23    10    49    0.1023    0.0389    2.4251    4.6186   17.0174    6.0005    0.0874 1282.0000   -0.5895   -0.4177   12.9413    6.5927
  2013     5    19    23    11    21   -0.0370   -0.0168    3.7663    2.3666   16.9518    6.0710    0.1424 1314.0000   -0.1140   -0.2606   12.7742    6.5654
  2013     5    19    23    11    53   -0.0766   -0.0367   11.9840    2.3738   17.1594    6.1400    0.2099 1346.0000    0.0819   -0.0982   12.6061    6.5410
  2013     5    19    23    12     8   -0.0344   -0.0201   15.6774    3.5481   17.4182    6.2270    0.2937 1361.0000    0.0076   -0.0597   12.5132    6.5442
  2013     5    19    23    12    22    0.0283   -0.0114   17.8569    5.3505   17.7294    6.3305    0.3864 1375.0000   -0.1336   -0.0408   12.4242    6.5509
  2013     5    19    23    12    36    0.1164   -0.0331   18.5454    7.6642   18.0923    6.4510    0.5101 1389.0000   -0.3299   -0.0279   12.3288    6.5657
  2013     5    19    23    12    50    0.0029   -0.0296   17.8539    9.9546   18.2546    6.6490    0.6573 1403.0000   -0.3288   -0.0839   12.2299    6.5862
  2013     5    19    23    13     4   -0.0522   -0.0270   16.1697   11.4776   18.4526    6.8910    0.8256 1417.0000   -0.3667   -0.1757   12.1291    6.6115
  2013     5    19    23    13    17   -0.0128   -0.0049   14.0243   11.5873   18.6869    7.1755    1.0427 1430.0000   -0.4580   -0.2986   12.0241    6.6506
  2013     5    19    23    13    32    0.1247    0.0672   11.3623   10.0215   18.9751    7.5275    1.3182 1445.0000   -0.5855   -0.4537   11.9029    6.7007
  2013     5    19    23    13    45    0.0222    0.0063    9.3003    7.9543   18.9156    7.6735    1.6247 1458.0000   -0.3939   -0.4035   11.7883    6.7606
  2013     5    19    23    13    59   -0.0122    0.0055    8.0292    6.5177   18.8415    7.8565    2.0034 1472.0000   -0.1838   -0.3556   11.6618    6.8356
  2013     5    19    23    14    12    0.0062    0.0341    8.2137    6.4063   18.7493    8.0840    2.4635 1485.0000    0.0237   -0.3271   11.5305    6.9312
  2013     5    19    23    14    27   -0.0321    0.0506    9.8299    6.4201   18.6331    8.3695    3.0436 1500.0000    0.2655   -0.2956   11.3815    7.0505
  2013     5    19    23    15     6    0.0201    0.0107    2.1702    3.0063   19.5737    7.6760    0.0977 1539.0000    0.0255   -0.4402   11.7437    6.2437
  2013     5    19    23    15    38   -0.0488    0.0228    1.6841    3.0002   19.5437    7.8000    0.1640 1571.0000    0.4228   -0.3396   11.5865    6.2157
  2013     5    19    23    16    10   -0.0558   -0.0396    5.6412    6.4901   19.6279    7.9220    0.2369 1603.0000    0.7000   -0.2348   11.4319    6.1881
  2013     5    19    23    16    25   -0.0341   -0.0307    8.3071    7.4175   19.7329    8.0760    0.3223 1618.0000    0.7577   -0.2623   11.3560    6.1865
  2013     5    19    23    16    39   -0.0198    0.0104   10.9361    6.9252   19.8589    8.2595    0.4242 1632.0000    0.7802   -0.3186   11.2851    6.1894
  2013     5    19    23    16    53   -0.0195    0.1053   13.4902    5.0701   20.0063    8.4745    0.5502 1646.0000    0.7778   -0.3964   11.2147    6.1969
  2013     5    19    23    17     7   -0.0427    0.0103   15.6977    2.4639   20.1647    8.4500    0.7111 1660.0000    0.7597   -0.2201   11.1451    6.2112
  2013     5    19    23    17    21   -0.0598   -0.0237   17.1205    0.3425   20.3587    8.4205    0.9198 1674.0000    0.7002   -0.0186   11.0766    6.2346
  2013     5    19    23    17    34   -0.0402   -0.0155   17.1228    0.0884   20.5869    8.3865    1.1828 1687.0000    0.5888    0.2045   11.0144    6.2697
  2013     5    19    23    17    48    0.0324   -0.0430   15.6291    2.3104   20.8688    8.3430    1.5207 1701.0000    0.4261    0.4755   10.9519    6.3170
  2013     5    19    23    18     1   -0.0470    0.0020   13.3808    5.2924   20.9329    8.4900    1.9090 1714.0000    0.4642    0.5723   10.8992    6.3741
  2013     5    19    23    18    14   -0.0473   -0.0435   11.6187    6.6286   21.0138    8.6720    2.3911 1727.0000    0.4751    0.6752   10.8536    6.4477
  2013     5    19    23    18    28   -0.0158   -0.0572   11.2466    5.9691   21.1143    8.8985    3.0263 1741.0000    0.4609    0.8069   10.8160    6.5465
  2013     5    19    23    18    42   -0.0357   -0.0852   11.6212    7.1011   21.2396    9.1835    3.8402 1755.0000    0.4031    0.9592   10.7948    6.6759
  2013     5    19    23    19    21    0.0402    0.0158    0.1246    3.6273   22.3919    8.9010    0.1215 1794.0000    0.0485   -0.1073   10.5602    5.8987
  2013     5    19    23    19    53   -0.0276   -0.0095    3.6292    2.1255   22.3383    8.9890    0.2019 1826.0000    0.4296    0.0280   10.4177    5.8689
  2013     5    19    23    20    25   -0.0904   -0.0340   15.3445    3.0138   22.5835    9.0760    0.2992 1858.0000    0.5060    0.1712   10.2809    5.8408
  2013     5    19    23    20    40   -0.0665   -0.0221   19.1111    3.9857   22.8898    9.1855    0.4149 1873.0000    0.3424    0.2008   10.2259    5.8387
  2013     5    19    23    20    54    0.0024   -0.0098   19.5561    4.8043   23.2572    9.3180    0.5583 1887.0000    0.1042    0.2142   10.1812    5.8418
  2013     5    19    23    21     8    0.1620   -0.0069   16.9993    5.3489   23.6864    9.4715    0.7445 1901.0000   -0.2001    0.2263   10.1452    5.8508
  2013     5    19    23    21    22    0.0073   -0.0149   13.2189    5.6447   23.7189    9.6305    0.9482 1915.0000   -0.1094    0.2413   10.1156    5.8613
  2013     5    19    23    21    36   -0.0459   -0.0126   10.2841    5.8381   23.7588    9.8275    1.1968 1929.0000   -0.0301    0.2394   10.0972    5.8772
  2013     5    19    23    21    49   -0.0285   -0.0085    9.6071    6.0537   23.8061   10.0585    1.5055 1942.0000    0.0269    0.2257   10.0975    5.9022
  2013     5    19    23    22     3   -0.0322   -0.0053   10.5552    6.3329   23.8636   10.3440    1.8884 1956.0000    0.0782    0.1985   10.1135    5.9344
  2013     5    19    23    22    16    0.0048    0.0085   11.0154    6.4627   24.0038   10.7000    2.3814 1969.0000    0.0289    0.1468   10.1608    5.9816
  2013     5    19    23    22    31    0.0289    0.0157   10.8165    6.5516   24.1783   11.1450    3.0203 1984.0000   -0.0440    0.0873   10.2414    6.0420
  2013     5    19    23    22    45   -0.0104    0.0048   11.2928    6.6123   24.3945   11.6965    3.8576 1998.0000   -0.1809    0.0096   10.3793    6.1272
  2013     5    19    23    22    58    0.0360    0.0070   10.4842    6.3311   24.6673   12.3905    4.9819 2011.0000   -0.4016   -0.0801   10.5981    6.2474
  2013     5    19    23    23    36    0.0477   -0.0166    2.5358    3.6372   25.2976   10.0080    0.1506 2049.0000   -0.3167    0.2588    9.3874    5.5514
  2013     5    19    23    24     8   -0.0160   -0.0047    2.6768    3.7355   25.2871   10.1785    0.2504 2081.0000   -0.0138    0.3127    9.2669    5.5187
  2013     5    19    23    24    40   -0.0354   -0.0488   10.7116    6.2248   25.4874   10.3495    0.3681 2113.0000    0.0745    0.3740    9.1567    5.4865
  2013     5    19    23    24    56   -0.0284   -0.0308   14.5924    7.8955   25.7380   10.5620    0.5063 2129.0000   -0.0360    0.3156    9.1281    5.4780
  2013     5    19    23    25    10    0.0125   -0.0024   15.5284    9.0141   26.0390   10.8180    0.6752 2143.0000   -0.2161    0.2176    9.1211    5.4746
  2013     5    19    23    25    24    0.1304    0.0166   13.4527    9.5723   26.3897   11.1160    0.8892 2157.0000   -0.4468    0.0996    9.1326    5.4745
  2013     5    19    23    25    38   -0.0233   -0.0003    9.6979    9.6709   26.3659   11.4105    1.1270 2171.0000   -0.3025   -0.0030    9.1569    5.4752
  2013     5    19    23    25    51   -0.0374   -0.0067    6.6326    9.4954   26.3368   11.7675    1.4278 2184.0000   -0.1621   -0.1427    9.2121    5.4818
  2013     5    19    23    26     5    0.0126   -0.0051    6.3257    8.7110   26.3024   12.1915    1.7870 2198.0000   -0.0062   -0.3150    9.2910    5.4899
  2013     5    19    23    26    18    0.0018    0.0889    8.5104    6.9461   26.2594   12.7130    2.2314 2211.0000    0.1506   -0.5481    9.4124    5.5046
  2013     5    19    23    26    32    0.0013    0.0088   10.4857    4.8616   26.4054   13.0160    2.8282 2225.0000    0.1303   -0.4819    9.5983    5.5271
  2013     5    19    23    26    45   -0.0350    0.0361   10.3342    4.8043   26.5877   13.3950    3.5849 2238.0000    0.0689   -0.4177    9.8619    5.5604
  2013     5    19    23    26    58    0.0277    0.0234   10.4003    5.1989   26.8130   13.8660    4.6048 2251.0000   -0.0279   -0.3149   10.2466    5.6088
  2013     5    19    23    27    12    0.0074    0.0163   10.9583    5.3987   27.0974   14.4585    5.9535 2265.0000   -0.1607   -0.1643   10.7873    5.6720
  2013     5    19    23    27    51    0.0876    0.0018    2.3692    2.6614   27.6749   11.7190    0.1761 2304.0000   -0.4493   -0.0689    8.2246    5.2003
  2013     5    19    23    28    23   -0.0160   -0.0209    2.5632    0.8291   27.6334   11.7990    0.2946 2336.0000   -0.1425    0.0758    8.1334    5.1624
  2013     5    19    23    28    55   -0.0392   -0.0134    8.0452    1.0402   27.7946   11.8775    0.4268 2368.0000   -0.0388    0.2277    8.0548    5.1233
  2013     5    19    23    29    10   -0.0206    0.0072   10.4853    2.1088   27.9960   11.9775    0.5842 2383.0000   -0.1104    0.2831    8.0684    5.1085
  2013     5    19    23    29    24    0.0183    0.0008   10.9399    3.9972   28.2377   12.0965    0.7750 2397.0000   -0.2267    0.3309    8.1071    5.0955
  2013     5    19    23    29    38    0.1235   -0.0798    9.1355    6.7880   28.5197   12.2360    1.0143 2411.0000   -0.3777    0.3825    8.1755    5.0829
  2013     5    19    23    29    52   -0.0165    0.0092    6.0577    9.8439   28.4617   12.6790    1.2881 2425.0000   -0.1832    0.1478    8.2676    5.0699
  2013     5    19    23    30     6   -0.0400    0.0135    3.7653   11.8452   28.3911   13.2215    1.6247 2439.0000    0.0330   -0.1550    8.4002    5.0570
  2013     5    19    23    30    19    0.0038   -0.0172    4.2767   11.0172   28.3078   13.8620    2.0418 2452.0000    0.2657   -0.5204    8.5883    5.0459
  2013     5    19    23    30    33   -0.0743    0.1633    7.5062    6.6950   28.2052   14.6505    2.5534 2466.0000    0.5418   -0.9813    8.8358    5.0325
  2013     5    19    23    30    47    0.0093   -0.0061   10.3314    2.7899   28.5495   14.7655    3.2698 2480.0000    0.4018   -0.6657    9.2134    5.0199
  2013     5    19    23    31     1   -0.0146    0.0179   10.5864    3.4680   28.9796   14.9080    4.1925 2494.0000    0.2122   -0.2738    9.7287    5.0060
  2013     5    19    23    31    14    0.0023   -0.0431   10.9585    3.9059   29.5131   15.0855    5.4214 2507.0000   -0.0366    0.2322   10.4490    4.9929
  2013     5    19    23    31    28    0.0386   -0.0926   11.4705    5.0434   30.1840   15.3075    7.1383 2521.0000   -0.3255    0.9445   11.4937    4.9745
