     -1.2007000      1.2250000      1.5290000    135.0000000
     -1.1383000      1.1895000      1.9144000    149.0000000
     -1.0606000      1.1475000      2.3861000    162.0000000
      3.3885000      0.7005000      1.5964000    404.0000000
      3.5190000      0.8900000      1.9624000    417.0000000
      3.6726000      0.9790000      2.4404000    430.0000000
      7.6866000      3.5490000      1.6544000    685.0000000
      7.7863000      3.6165000      2.0452000    698.0000000
     12.3145000      3.2215000      1.6038000    943.0000000
     12.6307000      3.3715000      1.9803000    956.0000000
     13.0229000      3.5555000      2.4707000    970.0000000
     15.9325000      6.1665000      1.7064000   1214.0000000
     15.9072000      6.5100000      2.0774000   1229.0000000
     18.9156000      7.6735000      1.6247000   1458.0000000
     18.8415000      7.8565000      2.0034000   1472.0000000
     18.7493000      8.0840000      2.4635000   1485.0000000
     20.8688000      8.3430000      1.5207000   1701.0000000
     20.9329000      8.4900000      1.9090000   1714.0000000
     21.0138000      8.6720000      2.3911000   1727.0000000
     23.8061000     10.0585000      1.5055000   1942.0000000
     23.8636000     10.3440000      1.8884000   1956.0000000
     24.0038000     10.7000000      2.3814000   1969.0000000
     26.3024000     12.1915000      1.7870000   2198.0000000
     26.2594000     12.7130000      2.2314000   2211.0000000
     28.3911000     13.2215000      1.6247000   2439.0000000
     28.3078000     13.8620000      2.0418000   2452.0000000
