     25.4614334     10.4762077     25.3602734     10.1493778      9.1098284      5.4640089      0.0000000      5.2207713      4.7243891     -3.8890571     -0.7396198
     25.4357624     10.7150888     25.4282227     10.4002314      9.2517485      5.5199254      0.5000000      8.1668779      5.1664689     -1.0848706     -0.3534565
     25.4100933     10.9539709     25.5046959     10.7264452      9.3936686      5.5758418      1.0000000     10.6760567      5.8949911      1.2823882      0.3191492
     25.3844223     11.1928520     25.5088673     11.0800495      9.5355887      5.6317583      1.5000000     11.1182812      6.8413925      1.5826925      1.2096342
     25.3587532     11.4317331     25.4375629     11.4129276      9.6775087      5.6876748      2.0000000     10.1561228      7.8065430      0.4786140      2.1188682
     25.3330841     11.6706142     25.3548985     11.7030725      9.8194288      5.7435913      2.5000000      9.3413488      8.3531430     -0.4780801      2.6095518
     25.3074131     11.9094954     25.3126621     11.9556723      9.9613489      5.7995077      3.0000000      9.0714954      8.1986258     -0.8898535      2.3991180
     25.2817440     12.1483765     25.3141384     12.1914272     10.1032690      5.8554242      3.5000000      8.7488126      7.5441082     -1.3544564      1.6886840
     25.2560749     12.3872576     25.3331757     12.4274845     10.2451891      5.9113407      4.0000000      8.0917079      6.7979429     -2.1534811      0.8866022
     25.2304039     12.6261387     25.3411884     12.6666021     10.3871092      5.9672571      4.5000000      7.5240726      6.2178816     -2.8630366      0.2506245
     25.2047348     12.8650198     25.3221264     12.9034023     10.5290293      6.0231736      5.0000000      7.5775230      5.8970104     -2.9515063     -0.1261632
     25.1790657     13.1039009     25.2768707     13.1349154     10.6709493      6.0790901      5.5000000      8.3256349      5.8368508     -2.3453144     -0.2422393
     25.1533947     13.3427820     25.2187595     13.3633995     10.8128694      6.1350066      6.0000000      9.3835359      5.9499485     -1.4293335     -0.1850581
     25.1277256     13.5816631     25.1629620     13.5928602     10.9547895      6.1909230      6.5000000     10.3005619      6.1078207     -0.6542276     -0.0831023
