     -0.8812000      1.1370000      2.9831000    175.0000000
      3.8646000      1.0910000      2.9969000    444.0000000
      7.9102000      3.7005000      2.5432000    713.0000000
      8.0657000      3.8055000      3.1674000    728.0000000
     13.5161000      3.7880000      3.0914000    985.0000000
     15.8754000      6.9425000      2.5095000   1242.0000000
     18.6331000      8.3695000      3.0436000   1500.0000000
     21.1143000      8.8985000      3.0263000   1741.0000000
     24.1783000     11.1450000      3.0203000   1984.0000000
     26.4054000     13.0160000      2.8282000   2225.0000000
     28.2052000     14.6505000      2.5534000   2466.0000000
     28.5495000     14.7655000      3.2698000   2480.0000000
