     -0.5609000      0.6385000      0.5604000     80.0000000
     -0.9010000      0.9335000      0.7350000     94.0000000
     -1.2979000      1.2780000      0.9505000    108.0000000
     -1.2543000      1.2535000      1.2059000    122.0000000
      2.1905000      0.3025000      0.5040000    335.0000000
      2.6193000      0.3055000      0.6474000    349.0000000
      3.1201000      0.3090000      0.8165000    363.0000000
      3.1931000      0.4150000      1.0279000    377.0000000
      3.2830000      0.5465000      1.2880000    390.0000000
      6.9258000      2.7415000      0.5813000    617.0000000
      7.0513000      2.8805000      0.7258000    632.0000000
      7.2037000      3.0500000      0.9035000    645.0000000
      7.3845000      3.2490000      1.0995000    658.0000000
      7.6064000      3.4945000      1.3313000    672.0000000
     11.3146000      3.3605000      0.6248000    889.0000000
     11.5199000      3.2885000      0.7996000    902.0000000
     11.7629000      3.2055000      1.0166000    916.0000000
     12.0615000      3.1025000      1.2906000    929.0000000
     15.2408000      4.8965000      0.5942000   1146.0000000
     15.4415000      5.1080000      0.7464000   1159.0000000
     15.6779000      5.3595000      0.9292000   1173.0000000
     15.9689000      5.6690000      1.1528000   1188.0000000
     15.9526000      5.8900000      1.4156000   1201.0000000
     18.0923000      6.4510000      0.5101000   1389.0000000
     18.2546000      6.6490000      0.6573000   1403.0000000
     18.4526000      6.8910000      0.8256000   1417.0000000
     18.6869000      7.1755000      1.0427000   1430.0000000
     18.9751000      7.5275000      1.3182000   1445.0000000
     20.0063000      8.4745000      0.5502000   1646.0000000
     20.1647000      8.4500000      0.7111000   1660.0000000
     20.3587000      8.4205000      0.9198000   1674.0000000
     20.5869000      8.3865000      1.1828000   1687.0000000
     23.2572000      9.3180000      0.5583000   1887.0000000
     23.6864000      9.4715000      0.7445000   1901.0000000
     23.7189000      9.6305000      0.9482000   1915.0000000
     23.7588000      9.8275000      1.1968000   1929.0000000
     25.7380000     10.5620000      0.5063000   2129.0000000
     26.0390000     10.8180000      0.6752000   2143.0000000
     26.3897000     11.1160000      0.8892000   2157.0000000
     26.3659000     11.4105000      1.1270000   2171.0000000
     26.3368000     11.7675000      1.4278000   2184.0000000
     27.9960000     11.9775000      0.5842000   2383.0000000
     28.2377000     12.0965000      0.7750000   2397.0000000
     28.5197000     12.2360000      1.0143000   2411.0000000
     28.4617000     12.6790000      1.2881000   2425.0000000
