     0.000     0.000    -2.056     0.216     2.056    -0.216     0.173     0.000     0.000     0.000    -5.988
    -0.051     0.196    -1.626     0.283     1.576    -0.087     0.285    32.000     0.000     0.000    -3.154
    -0.277     0.392    -1.199     0.356     0.922     0.036     0.414    64.000     0.000     0.000     2.249
    -0.561     0.639    -1.034     0.402     0.473     0.236     0.560    80.000     0.000     0.000    26.557
    -0.901     0.933    -0.911     0.449     0.010     0.485     0.735    94.000     0.000     0.000    88.761
    -1.298     1.278    -0.807     0.500    -0.491     0.778     0.951   108.000     0.000     0.000   122.246
    -1.254     1.254    -0.718     0.556    -0.537     0.697     1.206   122.000     0.000     0.000   127.595
    -1.201     1.225    -0.674     0.619    -0.527     0.606     1.529   135.000     0.000     0.000   131.008
    -1.138     1.190    -0.634     0.691    -0.504     0.499     1.914   149.000     0.000     0.000   135.305
    -1.061     1.147    -0.644     0.771    -0.416     0.377     2.386   162.000     0.000     0.000   137.857
    -0.881     1.137    -0.701     0.865    -0.180     0.272     2.983   175.000     0.000     0.000   123.462
    -0.657     1.123    -0.774     0.975     0.117     0.148     3.692   189.000     0.000     0.000    51.800
    -0.380     1.109    -0.924     1.103     0.544     0.005     4.574   202.000     0.000     0.000     0.561
    -0.030     1.089    -1.120     1.267     1.090    -0.178     5.717   217.000     0.000     0.000    -9.259
     1.587     0.294     1.924     0.771    -0.337    -0.477     0.158   255.000     0.000     0.000  -125.214
     1.547     0.298     2.373     0.871    -0.826    -0.572     0.264   287.000     0.000     0.000  -145.270
     1.833     0.300     2.824     0.976    -0.992    -0.676     0.378   319.000     0.000     0.000  -145.709
     2.191     0.302     3.031     1.038    -0.840    -0.736     0.504   335.000     0.000     0.000  -138.782
     2.619     0.305     3.204     1.098    -0.585    -0.792     0.647   349.000     0.000     0.000  -126.413
     3.120     0.309     3.373     1.162    -0.253    -0.853     0.817   363.000     0.000     0.000  -106.528
     3.193     0.415     3.535     1.232    -0.342    -0.817     1.028   377.000     0.000     0.000  -112.713
     3.283     0.546     3.673     1.306    -0.390    -0.759     1.288   390.000     0.000     0.000  -117.200
     3.389     0.701     3.821     1.390    -0.433    -0.690     1.596   404.000     0.000     0.000  -122.108
     3.519     0.890     3.946     1.480    -0.427    -0.590     1.962   417.000     0.000     0.000  -125.921
     3.673     0.979     4.054     1.585    -0.382    -0.606     2.440   430.000     0.000     0.000  -122.182
     3.865     1.091     4.173     1.707    -0.308    -0.616     2.997   444.000     0.000     0.000  -116.579
     4.102     1.230     4.275     1.848    -0.173    -0.619     3.694   458.000     0.000     0.000  -105.592
     4.402     1.404     4.341     2.012     0.061    -0.608     4.568   471.000     0.000     0.000   -84.294
     6.525     1.654     5.753     1.578     0.772     0.076     0.117   510.000     0.000     0.000     5.585
     6.453     1.823     6.211     1.709     0.242     0.114     0.193   542.000     0.000     0.000    25.257
     6.539     1.990     6.669     1.845    -0.131     0.145     0.276   574.000     0.000     0.000   132.034
     6.646     2.199     6.879     1.918    -0.233     0.281     0.365   589.000     0.000     0.000   129.714
     6.776     2.450     7.075     1.989    -0.299     0.460     0.466   603.000     0.000     0.000   123.055
     6.926     2.742     7.270     2.064    -0.345     0.677     0.581   617.000     0.000     0.000   116.968
     7.051     2.881     7.480     2.149    -0.428     0.731     0.726   632.000     0.000     0.000   120.360
     7.204     3.050     7.659     2.232    -0.455     0.818     0.903   645.000     0.000     0.000   119.093
     7.385     3.249     7.839     2.320    -0.454     0.929     1.099   658.000     0.000     0.000   116.041
     7.606     3.494     8.034     2.419    -0.427     1.076     1.331   672.000     0.000     0.000   111.655
     7.687     3.549     8.212     2.529    -0.525     1.020     1.654   685.000     0.000     0.000   117.247
     7.786     3.617     8.390     2.654    -0.604     0.963     2.045   698.000     0.000     0.000   122.089
     7.910     3.700     8.599     2.808    -0.689     0.893     2.543   713.000     0.000     0.000   127.655
     8.066     3.805     8.810     2.986    -0.744     0.819     3.167   728.000     0.000     0.000   132.263
     9.524     2.604     9.452     2.652     0.072    -0.048     0.097   767.000     0.000     0.000   -33.500
     9.453     2.731     9.902     2.815    -0.449    -0.085     0.161   799.000     0.000     0.000  -169.294
     9.761     2.855    10.351     2.985    -0.590    -0.130     0.232   831.000     0.000     0.000  -167.559
    10.146     3.012    10.561     3.074    -0.415    -0.062     0.305   846.000     0.000     0.000  -171.506
    10.607     3.200    10.758     3.162    -0.151     0.038     0.391   860.000     0.000     0.000   165.894
    11.146     3.418    10.969     3.258     0.177     0.160     0.488   875.000     0.000     0.000    42.059
    11.315     3.361    11.167     3.359     0.148     0.002     0.625   889.000     0.000     0.000     0.742
    11.520     3.288    11.351     3.463     0.169    -0.175     0.800   902.000     0.000     0.000   -46.018
    11.763     3.206    11.551     3.584     0.212    -0.378     1.017   916.000     0.000     0.000   -60.770
    12.062     3.103    11.739     3.712     0.322    -0.610     1.291   929.000     0.000     0.000   -62.143
    12.315     3.222    11.942     3.858     0.372    -0.636     1.604   943.000     0.000     0.000   -59.661
    12.631     3.372    12.133     4.014     0.498    -0.642     1.980   956.000     0.000     0.000   -52.235
    13.023     3.555    12.341     4.204     0.682    -0.648     2.471   970.000     0.000     0.000   -43.570
    13.516     3.788    12.567     4.433     0.949    -0.645     3.091   985.000     0.000     0.000   -34.216
    14.280     3.000    13.005     3.987     1.276    -0.987     0.097  1024.000     0.000     0.000   -37.729
    14.217     3.264    13.439     4.186     0.778    -0.921     0.160  1056.000     0.000     0.000   -49.835
    14.373     3.529    13.871     4.391     0.502    -0.862     0.226  1088.000     0.000     0.000   -59.771
    14.569     3.861    14.087     4.506     0.482    -0.645     0.298  1104.000     0.000     0.000   -53.201
    14.803     4.259    14.275     4.612     0.528    -0.353     0.379  1118.000     0.000     0.000   -33.745
    15.077     4.723    14.463     4.722     0.614     0.000     0.471  1132.000     0.000     0.000     0.006
    15.241     4.897    14.650     4.843     0.590     0.054     0.594  1146.000     0.000     0.000     5.221
    15.441     5.108    14.824     4.966     0.618     0.142     0.746  1159.000     0.000     0.000    12.955
    15.678     5.359    15.010     5.106     0.668     0.253     0.929  1173.000     0.000     0.000    20.768
    15.969     5.669    15.206     5.266     0.762     0.403     1.153  1188.000     0.000     0.000    27.836
    15.953     5.890    15.375     5.427     0.577     0.463     1.416  1201.000     0.000     0.000    38.723
    15.933     6.167    15.542     5.599     0.391     0.568     1.706  1214.000     0.000     0.000    55.458
    15.907     6.510    15.729     5.810     0.178     0.700     2.077  1229.000     0.000     0.000    75.746
    15.875     6.942    15.888     6.030    -0.012     0.912     2.510  1242.000     0.000     0.000    90.768
    17.017     6.000    16.428     5.583     0.590     0.418     0.087  1282.000     0.000     0.000    35.321
    16.952     6.071    16.838     5.810     0.114     0.261     0.142  1314.000     0.000     0.000    66.372
    17.159     6.140    17.241     6.042    -0.082     0.098     0.210  1346.000     0.000     0.000   129.810
    17.418     6.227    17.426     6.167    -0.008     0.060     0.294  1361.000     0.000     0.000    97.296
    17.729     6.330    17.596     6.290     0.134     0.041     0.386  1375.000     0.000     0.000    16.958
    18.092     6.451    17.762     6.423     0.330     0.028     0.510  1389.000     0.000     0.000     4.836
    18.255     6.649    17.926     6.565     0.329     0.084     0.657  1403.000     0.000     0.000    14.307
    18.453     6.891    18.086     6.715     0.367     0.176     0.826  1417.000     0.000     0.000    25.599
    18.687     7.176    18.229     6.877     0.458     0.299     1.043  1430.000     0.000     0.000    33.100
    18.975     7.527    18.390     7.074     0.586     0.454     1.318  1445.000     0.000     0.000    37.772
    18.916     7.673    18.522     7.270     0.394     0.403     1.625  1458.000     0.000     0.000    45.688
    18.841     7.857    18.658     7.501     0.184     0.356     2.003  1472.000     0.000     0.000    62.670
    18.749     8.084    18.773     7.757    -0.024     0.327     2.464  1485.000     0.000     0.000    94.153
    18.633     8.370    18.899     8.074    -0.266     0.296     3.044  1500.000     0.000     0.000   131.927
    19.574     7.676    19.599     7.236    -0.026     0.440     0.098  1539.000     0.000     0.000    93.318
    19.544     7.800    19.967     7.460    -0.423     0.340     0.164  1571.000     0.000     0.000   141.233
    19.628     7.922    20.328     7.687    -0.700     0.235     0.237  1603.000     0.000     0.000   161.462
    19.733     8.076    20.491     7.814    -0.758     0.262     0.322  1618.000     0.000     0.000   160.907
    19.859     8.260    20.639     7.941    -0.780     0.319     0.424  1632.000     0.000     0.000   157.785
    20.006     8.475    20.784     8.078    -0.778     0.396     0.550  1646.000     0.000     0.000   152.992
    20.165     8.450    20.924     8.230    -0.760     0.220     0.711  1660.000     0.000     0.000   163.844
    20.359     8.421    21.059     8.402    -0.700     0.019     0.920  1674.000     0.000     0.000   178.481
    20.587     8.386    21.176     8.591    -0.589    -0.204     1.183  1687.000     0.000     0.000  -160.850
    20.869     8.343    21.295     8.819    -0.426    -0.476     1.521  1701.000     0.000     0.000  -131.866
    20.933     8.490    21.397     9.062    -0.464    -0.572     1.909  1714.000     0.000     0.000  -129.047
    21.014     8.672    21.489     9.347    -0.475    -0.675     2.391  1727.000     0.000     0.000  -125.133
    21.114     8.899    21.575     9.705    -0.461    -0.807     3.026  1741.000     0.000     0.000  -119.734
    21.240     9.184    21.643    10.143    -0.403    -0.959     3.840  1755.000     0.000     0.000  -112.795
    22.392     8.901    22.440     8.794    -0.049     0.107     0.121  1794.000     0.000     0.000   114.325
    22.338     8.989    22.768     9.017    -0.430    -0.028     0.202  1826.000     0.000     0.000  -176.276
    22.584     9.076    23.090     9.247    -0.506    -0.171     0.299  1858.000     0.000     0.000  -161.305
    22.890     9.185    23.232     9.386    -0.342    -0.201     0.415  1873.000     0.000     0.000  -149.607
    23.257     9.318    23.361     9.532    -0.104    -0.214     0.558  1887.000     0.000     0.000  -115.938
    23.686     9.472    23.486     9.698     0.200    -0.226     0.745  1901.000     0.000     0.000   -48.517
    23.719     9.630    23.610     9.872     0.109    -0.241     0.948  1915.000     0.000     0.000   -65.615
    23.759     9.828    23.729    10.067     0.030    -0.239     1.197  1929.000     0.000     0.000   -82.843
    23.806    10.059    23.833    10.284    -0.027    -0.226     1.506  1942.000     0.000     0.000   -96.795
    23.864    10.344    23.942    10.543    -0.078    -0.199     1.888  1956.000     0.000     0.000  -111.502
    24.004    10.700    24.033    10.847    -0.029    -0.147     2.381  1969.000     0.000     0.000  -101.124
    24.178    11.145    24.134    11.232     0.044    -0.087     3.020  1984.000     0.000     0.000   -63.228
    24.395    11.697    24.214    11.706     0.181    -0.010     3.858  1998.000     0.000     0.000    -3.029
    24.667    12.390    24.266    12.310     0.402     0.080     4.982  2011.000     0.000     0.000    11.277
    25.298    10.008    24.981    10.267     0.317    -0.259     0.151  2049.000     0.000     0.000   -39.262
    25.287    10.178    25.273    10.491     0.014    -0.313     0.250  2081.000     0.000     0.000   -87.478
    25.487    10.350    25.562    10.724    -0.075    -0.374     0.368  2113.000     0.000     0.000  -101.272
    25.738    10.562    25.702    10.878     0.036    -0.316     0.506  2129.000     0.000     0.000   -83.487
    26.039    10.818    25.823    11.036     0.216    -0.218     0.675  2143.000     0.000     0.000   -45.192
    26.390    11.116    25.943    11.216     0.447    -0.100     0.889  2157.000     0.000     0.000   -12.568
    26.366    11.411    26.063    11.407     0.303     0.003     1.127  2171.000     0.000     0.000     0.575
    26.337    11.768    26.175    11.625     0.162     0.143     1.428  2184.000     0.000     0.000    41.356
    26.302    12.191    26.296    11.877     0.006     0.315     1.787  2198.000     0.000     0.000    88.869
    26.259    12.713    26.410    12.165    -0.151     0.548     2.231  2211.000     0.000     0.000   105.365
    26.405    13.016    26.536    12.534    -0.130     0.482     2.828  2225.000     0.000     0.000   105.127
    26.588    13.395    26.657    12.977    -0.069     0.418     3.585  2238.000     0.000     0.000    99.372
    26.813    13.866    26.785    13.551     0.028     0.315     4.605  2251.000     0.000     0.000    84.939
    27.097    14.459    26.937    14.294     0.161     0.164     5.954  2265.000     0.000     0.000    45.633
    27.675    11.719    27.226    11.650     0.449     0.069     0.176  2304.000     0.000     0.000     8.717
    27.633    11.799    27.491    11.875     0.143    -0.076     0.295  2336.000     0.000     0.000   -27.993
    27.795    11.877    27.756    12.105     0.039    -0.228     0.427  2368.000     0.000     0.000   -80.334
    27.996    11.978    27.886    12.261     0.110    -0.283     0.584  2383.000     0.000     0.000   -68.698
    28.238    12.097    28.011    12.427     0.227    -0.331     0.775  2397.000     0.000     0.000   -55.589
    28.520    12.236    28.142    12.618     0.378    -0.382     1.014  2411.000     0.000     0.000   -45.360
    28.462    12.679    28.279    12.827     0.183    -0.148     1.288  2425.000     0.000     0.000   -38.900
    28.391    13.222    28.424    13.067    -0.033     0.155     1.625  2439.000     0.000     0.000   102.033
    28.308    13.862    28.573    13.342    -0.266     0.520     2.042  2452.000     0.000     0.000   117.046
    28.205    14.651    28.747    13.669    -0.542     0.981     2.553  2466.000     0.000     0.000   118.906
    28.550    14.766    28.951    14.100    -0.402     0.666     3.270  2480.000     0.000     0.000   121.116
    28.980    14.908    29.192    14.634    -0.212     0.274     4.192  2494.000     0.000     0.000   127.777
    29.513    15.085    29.476    15.318     0.037    -0.232     5.421  2507.000     0.000     0.000   -81.038
    30.184    15.308    29.858    16.252     0.326    -0.944     7.138  2521.000     0.000     0.000   -70.984
