     21.2188396      8.0625296     20.8062935      8.3626413     11.0929908      6.0296962      0.0000000     19.9846526      4.3411784      8.8916618     -1.6885178
     21.1679840      8.2673502     20.6110287      8.4759245     11.0710053      6.1359773      0.5000000     19.8173206      1.9267013      8.7463153     -4.2092760
     21.1171284      8.4721699     20.5166550      8.4329796     11.0490197      6.2422584      1.0000000     17.5149314      0.0234162      6.4659117     -6.2188422
     21.0662727      8.6769896     20.5231876      8.3705540     11.0270342      6.3485395      1.5000000     14.0283446     -0.4456817      3.0013104     -6.7942212
     21.0154171      8.8818092     20.5668812      8.4304314     11.0050487      6.4548206      2.0000000     10.6612140      0.0753165     -0.3438347     -6.3795041
     20.9645596      9.0866289     20.5947151      8.6158848     10.9830631      6.5611017      2.5000000      8.3143082      0.2772580     -2.6687549     -6.2838437
     20.9137039      9.2914486     20.6026840      8.8373289     10.9610776      6.6673828      3.0000000      7.2208726     -0.4956084     -3.7402049     -7.1629912
     20.8628483      9.4962683     20.6090031      9.0519686     10.9390921      6.7736639      3.5000000      7.1476057     -1.4709900     -3.7914863     -8.2446539
     20.8119926      9.7010880     20.6222572      9.2930365     10.9171065      6.8799450      4.0000000      7.7364610     -1.3064798     -3.1806455     -8.1864248
     20.7611370      9.9059076     20.6367683      9.5887232     10.8951210      6.9862261      4.5000000      8.6496551      0.4480006     -2.2454659     -6.5382256
     20.7102795     10.1107273     20.6412525      9.9129848     10.8731355      7.0925072      5.0000000      9.5624580      2.9840385     -1.3106774     -4.1084687
     20.6594238     10.3155470     20.6279125     10.2185965     10.8511499      7.1987883      5.5000000     10.2324611      5.1804477     -0.6186888     -2.0183407
     20.6085682     10.5203667     20.5969849     10.4832182     10.8291644      7.3050694      6.0000000     10.5968096      6.5313774     -0.2323548     -0.7736920
     20.5577126     10.7251863     20.5543308     10.7140837     10.8071789      7.4113505      6.5000000     10.7384328      7.1800964     -0.0687460     -0.2312541
