     0.000     0.000     0.173     0.000
    -0.051     0.196     0.285    32.000
    -0.277     0.392     0.414    64.000
    -0.561     0.639     0.560    80.000
    -0.901     0.933     0.735    94.000
    -1.298     1.278     0.951   108.000
    -1.254     1.254     1.206   122.000
    -1.201     1.225     1.529   135.000
    -1.138     1.190     1.914   149.000
    -1.061     1.147     2.386   162.000
    -0.881     1.137     2.983   175.000
    -0.657     1.123     3.692   189.000
    -0.380     1.109     4.574   202.000
    -0.030     1.089     5.717   217.000
     1.587     0.294     0.158   255.000
     1.547     0.298     0.264   287.000
     1.833     0.300     0.378   319.000
     2.191     0.302     0.504   335.000
     2.619     0.305     0.647   349.000
     3.120     0.309     0.817   363.000
     3.193     0.415     1.028   377.000
     3.283     0.546     1.288   390.000
     3.389     0.701     1.596   404.000
     3.519     0.890     1.962   417.000
     3.673     0.979     2.440   430.000
     3.865     1.091     2.997   444.000
     4.102     1.230     3.694   458.000
     4.402     1.404     4.568   471.000
     6.525     1.654     0.117   510.000
     6.453     1.823     0.193   542.000
     6.539     1.990     0.276   574.000
     6.646     2.199     0.365   589.000
     6.776     2.450     0.466   603.000
     6.926     2.742     0.581   617.000
     7.051     2.881     0.726   632.000
     7.204     3.050     0.903   645.000
     7.385     3.249     1.099   658.000
     7.606     3.494     1.331   672.000
     7.687     3.549     1.654   685.000
     7.786     3.617     2.045   698.000
     7.910     3.700     2.543   713.000
     8.066     3.805     3.167   728.000
     9.524     2.604     0.097   767.000
     9.453     2.731     0.161   799.000
     9.761     2.855     0.232   831.000
    10.146     3.012     0.305   846.000
    10.607     3.200     0.391   860.000
    11.146     3.418     0.488   875.000
    11.315     3.361     0.625   889.000
    11.520     3.288     0.800   902.000
    11.763     3.206     1.017   916.000
    12.062     3.103     1.291   929.000
    12.315     3.222     1.604   943.000
    12.631     3.372     1.980   956.000
    13.023     3.555     2.471   970.000
    13.516     3.788     3.091   985.000
    14.280     3.000     0.097  1024.000
    14.217     3.264     0.160  1056.000
    14.373     3.529     0.226  1088.000
    14.569     3.861     0.298  1104.000
    14.803     4.259     0.379  1118.000
    15.077     4.723     0.471  1132.000
    15.241     4.897     0.594  1146.000
    15.441     5.108     0.746  1159.000
    15.678     5.359     0.929  1173.000
    15.969     5.669     1.153  1188.000
    15.953     5.890     1.416  1201.000
    15.933     6.167     1.706  1214.000
    15.907     6.510     2.077  1229.000
    15.875     6.942     2.510  1242.000
    17.017     6.000     0.087  1282.000
    16.952     6.071     0.142  1314.000
    17.159     6.140     0.210  1346.000
    17.418     6.227     0.294  1361.000
    17.729     6.330     0.386  1375.000
    18.092     6.451     0.510  1389.000
    18.255     6.649     0.657  1403.000
    18.453     6.891     0.826  1417.000
    18.687     7.176     1.043  1430.000
    18.975     7.527     1.318  1445.000
    18.916     7.673     1.625  1458.000
    18.841     7.857     2.003  1472.000
    18.749     8.084     2.464  1485.000
    18.633     8.370     3.044  1500.000
    19.574     7.676     0.098  1539.000
    19.544     7.800     0.164  1571.000
    19.628     7.922     0.237  1603.000
    19.733     8.076     0.322  1618.000
    19.859     8.260     0.424  1632.000
    20.006     8.475     0.550  1646.000
    20.165     8.450     0.711  1660.000
    20.359     8.421     0.920  1674.000
    20.587     8.386     1.183  1687.000
    20.869     8.343     1.521  1701.000
    20.933     8.490     1.909  1714.000
    21.014     8.672     2.391  1727.000
    21.114     8.899     3.026  1741.000
    21.240     9.184     3.840  1755.000
    22.392     8.901     0.121  1794.000
    22.338     8.989     0.202  1826.000
    22.584     9.076     0.299  1858.000
    22.890     9.185     0.415  1873.000
    23.257     9.318     0.558  1887.000
    23.686     9.472     0.745  1901.000
    23.719     9.630     0.948  1915.000
    23.759     9.828     1.197  1929.000
    23.806    10.059     1.506  1942.000
    23.864    10.344     1.888  1956.000
    24.004    10.700     2.381  1969.000
    24.178    11.145     3.020  1984.000
    24.395    11.697     3.858  1998.000
    24.667    12.390     4.982  2011.000
    25.298    10.008     0.151  2049.000
    25.287    10.178     0.250  2081.000
    25.487    10.350     0.368  2113.000
    25.738    10.562     0.506  2129.000
    26.039    10.818     0.675  2143.000
    26.390    11.116     0.889  2157.000
    26.366    11.411     1.127  2171.000
    26.337    11.768     1.428  2184.000
    26.302    12.191     1.787  2198.000
    26.259    12.713     2.231  2211.000
    26.405    13.016     2.828  2225.000
    26.588    13.395     3.585  2238.000
    26.813    13.866     4.605  2251.000
    27.097    14.459     5.954  2265.000
    27.675    11.719     0.176  2304.000
    27.633    11.799     0.295  2336.000
    27.795    11.877     0.427  2368.000
    27.996    11.978     0.584  2383.000
    28.238    12.097     0.775  2397.000
    28.520    12.236     1.014  2411.000
    28.462    12.679     1.288  2425.000
    28.391    13.222     1.625  2439.000
    28.308    13.862     2.042  2452.000
    28.205    14.651     2.553  2466.000
    28.550    14.766     3.270  2480.000
    28.980    14.908     4.192  2494.000
    29.513    15.085     5.421  2507.000
    30.184    15.308     7.138  2521.000
  nobs=         140
  obs xmin/max=  -1.29790000000000        30.1840000000000     
  obs ymin/max=  0.000000000000000E+000   15.3075000000000     
  obs zmin/max=  8.739999999999998E-002   7.13830000000000     
  obs tmin/max=  0.000000000000000E+000   2521.00000000000     
  dt=   84.0000000000000        2521.01000000000     
  b=
 -0.1928485E+01  0.3935453E+02
  0.2887829E+02  0.1795437E+02
 -0.7821957E+01  0.6995168E+02
  0.2997695E+02  0.3030611E+02
  var=  0.250311886193764     
  b=
  0.1982200E+00  0.4240182E+01
  0.1265724E+02  0.1234529E+02
  0.1004215E+01  0.4279942E+01
  0.1668597E+02  0.1256434E+02
  var=  0.236667481626322     
  sig=   1.75114048795309       2.628466175830767E-008   66622142.7559219     
  sig=   1.65568649399627       2.485189500238684E-008   66622142.6509833     
 loop=           1         140  5.691632347980030E-002
  rms=  5.691632347980030E-002  0.500311788981395       0.486484821578558     
